0	0
1	0
2	0
3	0
4	1.3552527156068805425093160010874271392822265625e-20
5	1.3552527156068805425093160010874271392822265625e-20
6	2.371692252312040949391303001902997493743896484375e-20
7	3.38813178901720135627329000271856784820556640625e-20
8	5.5904174518783822378509285044856369495391845703125e-20
9	8.89384594617015356021738625713624060153961181640625e-20
10	1.448426339804853579806831476162187755107879638671875e-19
11	2.3335757696855974341332284893724136054515838623046875e-19
12	3.77776694475417951224471835303120315074920654296875e-19
13	6.1113427144397769463779468424036167562007904052734375e-19
14	9.890168450378024334046500598560669459402561187744140625e-19
15	1.60009817692257673427125297394013614393770694732666015625e-18
16	2.58911502196037916767590303379620308987796306610107421875e-18
17	4.189213198882955901947156007736339233815670013427734375e-18
18	6.778354690622936766508654926610688562504947185516357421875e-18
19	1.0967567889505892668455810934347027796320617198944091796875e-17
20	1.774592258012882943496446586095771635882556438446044921875e-17
21	2.8713490469634722103420276795304744155146181583404541015625e-17
22	4.64594147041247766444400923990798446538974530994892120361328125e-17
23	7.5172906828120723853915718937201972948969341814517974853515625e-17
24	1.2163232070506488794532813646487312553290394134819507598876953125e-16
25	1.9680522670600499924621618053066640641191042959690093994140625e-16
26	3.184375476178650403298012357133917049623050843365490436553955078125e-16
27	5.15242774530665192714274334961910284391706227324903011322021484375e-16
28	8.3368032204513265647494711131637590284526595496572554111480712890625e-16
29	1.34892309647240027262009298691936010072822682559490203857421875e-15
30	2.182603418569231717379604327915199046827865458908490836620330810546875e-15
31	3.5315265150157825958574151999948276259289059453294612467288970947265625e-15
32	5.7141299335850143132370195279100266727567714042379520833492279052734375e-15
33	9.245656448600796909094434727904854298685677349567413330078125e-15
34	1.4959786382179348873795883727104948091035652169011882506310939788818359375e-14
35	2.4205442830780145782890318455009802389721329518579295836389064788818359375e-14
36	3.916522921295949465668620218211475048075698168759117834270000457763671875e-14
37	6.337067204374125602671041326930203609058001035236884490586817264556884765625e-14
38	1.025359012567023662705305080835942697914386911861583939753472805023193359375e-13
39	1.65906573300442814503673975036807564271967851965428053517825901508331298828125e-13
40	2.684424745571447768774210099623574632583811183650368548114784061908721923828125e-13
41	4.343490478575875913810949849991650275303489703304649083293043076992034912109375e-13
42	7.0279152241473257020690773154054467619124280108877655948163010179996490478515625e-13
43	1.137140570272320262562198584829220796422848127615878865981358103454113006591796875e-12
44	1.8399320926870528832562042505145210189647191068029741245482000522315502166748046875e-12
45	2.9770726629593731458184028353437418153875672344188529905295581556856632232666015625e-12
46	4.81700475564642605431815605293064060752760043027098646462036413140594959259033203125e-12
47	7.79407741860579920013655888827438242291516766468983945514992228709161281585693359375e-12
48	1.26110821742522252481438276994369285871489395726985360823846349376253783702850341796875e-11
49	2.04051595928580244482803865877113110100641072373883755375345572247169911861419677734375e-11
50	3.3016241767110249696424214287148239597213046810086911619919192162342369556427001953125e-11
51	5.34214013599682741447046008748595506072771540474752871574537493870593607425689697265625e-11
52	8.64376431270785238411288151620077902044902008575621987773729415494017302989959716796875e-11
53	1.3985904448704679798583341603686734081176735490503748593482669093646109104156494140625e-10
54	2.26296687614125321820651343957107036572963727240337394874813981004990637302398681640625e-10
55	3.661557321011721198191065344775105662713187391898994604844119749031960964202880859375e-10
56	5.924524197152974416271361039510814139576948093857122756844546529464423656463623046875e-10
57	9.58608151816469561446242638428591980229013548575611736168866627849638462066650390625e-10
58	1.551060571531767003123865840313818149733058986139422330552406492643058300018310546875e-09
59	2.5096687233482365645701084787424101299620725347150340667212731204926967620849609375e-09
60	4.0607292948800035677949485149245177907878327772106530346718500368297100067138671875e-09
61	6.5703980182282401319611602101937698763791002865009005518004414625465869903564453125e-09
62	1.06311273131082436997561087251182876671669330637115535864722914993762969970703125e-08
63	1.7201525331336483831313372151838899499175228324787667588680051267147064208984375e-08
64	2.78326526444447275310694808769571871663421613884992211751523427665233612060546875e-08
65	4.50341779757812113623828530287960866655173897132868887638323940336704254150390625e-08
66	7.286683062022593889345233390575327383185955110178610993898473680019378662109375e-08
67	1.17901008596007150259066361202334624852343381018471291099558584392070770263671875e-07
68	1.9076783921623308915898104364365842739413581252705398583202622830867767333984375e-07
69	3.086688478122402394115850563104225235365463131387286921381019055843353271484375e-07
70	4.99436687028473328557641402882939893510816364852189508383162319660186767578125e-07
71	8.08105534840713567995075853335644531887094199618104539695195853710174560546875e-07
72	1.307542221869186896552717256218584425397910564470294048078358173370361328125e-06
73	2.1156477567099004645994918978387931869644678073427712661214172840118408203125e-06
74	3.4231899785790873611522091540573776123623783718130653141997754573822021484375e-06
75	5.53883773528898782575170105189617079932684617915583658032119274139404296875e-06
76	8.9620277138680751862835247465387776555356680319164297543466091156005859375e-06
77	1.450086544915706301203522579843494845486251421107226633466780185699462890625e-05
78	2.346289316302513819914593115752675378526959093505865894258022308349609375e-05
79	3.796375861218220121035397634340867456526069645406096242368221282958984375e-05
80	6.14266517752073394094999075009354283505302873891196213662624359130859375e-05
81	9.939041038738954061985388384434410291579098384318058378994464874267578125e-05
82	0.00016081706216259688003597123624570375266529254076885990798473358154296875
83	0.0002602074725499864206492076751896236341821122550754807889461517333984375
84	0.00042102453471258330068517891143532738684740479584434069693088531494140625
85	0.00068123200726256972133438658662495102102951705091982148587703704833984375
86	0.00110225654197515302201956549806027840787692184676416218280792236328125
87	0.00178348854923772274340689164388862320009820905397646129131317138671875
88	0.00288574509121287576542645714194890160797513090074062347412109375
89	0.00466923364045059850883334878583752480807333995471708476543426513671875
90	0.00755497873166347427425980592778642641604847085545770823955535888671875
91	0.0122242123721140727830931547136239512241218108101747930049896240234375
92	0.019779191103777547056929444167783227470636120415292680263519287109375
93	0.03200340347589161983917556593415287835568960872478783130645751953125
94	0.05178259457966916689779907599644470650446237414143979549407958984375
95	0.083785998055560786736974641930597584860151982866227626800537109375
96	0.135568592635229953638161849716059492720887647010385990142822265625
97	0.219354590690790740375136491646657077581039629876613616943359375
98	0.354923183326020693999745814206647764876834116876125335693359375
99	0.57427777401681143437488230585330484245787374675273895263671875
100	0.929200957342832128374628120059952607334707863628864288330078125
101	1.503478731359643562749510425913257449792581610381603240966796875
102	2.432679688702475691124138545973210057127289474010467529296875
103	3.93615842006211925398206918913501795032061636447906494140625
104	6.368838108764594945106207735108228007447905838489532470703125
105	10.304996528826714199088276924243245957768522202968597412109375
106	16.6738346375913091441944846593514739652164280414581298828125
107	26.9788311664180233441501233215831234701909124851226806640625
108	43.652665804009332488344607980934597435407340526580810546875
109	70.6314969704273558359641782544713350944221019744873046875
110	114.284162774436688324308786235405932529829442501068115234375
111	184.915659744864044167211858393784496001899242401123046875
112	299.1998225193007324984595385330976569093763828277587890625
113	484.1154822641647766656713969268821529112756252288818359375
114	783.315304783465509164130935459979809820652008056640625
115	1267.43078704763028585755790800249087624251842498779296875
116	2050.746091831095795132711145924986340105533599853515625
117	3318.176878878726081101291356389992870390415191650390625
118	5368.92297070982187623400250231497921049594879150390625
119	8687.099849588547957779383068555034697055816650390625
120	14056.02282029836983401338557087001390755176544189453125
121	22743.1226698869177909045902197249233722686767578125
122	36799.145490185287624029797370894812047481536865234375
123	59542.268160072205414934387590619735419750213623046875
124	96341.41365025749303896418496151454746723175048828125
125	155883.6818103296984503458588733337819576263427734375
126	252225.0954605871914964154711924493312835693359375
127	408108.7772709168899609721847809851169586181640625
128	660333.8727315040814573876559734344482421875
129	1068442.6500024209714183598407544195652008056640625
130	1728776.5227339250528757474967278540134429931640625
131	2797219.172736346024294107337482273578643798828125
132	4525995.695470271077283541671931743621826171875
133	7323214.8682066171013502753339707851409912109375
134	11849210.5636768881786338170059025287628173828125
135	19172425.43188350527998409233987331390380859375
136	31021635.9955603934577084146440029144287109375
137	50194061.42744389873769250698387622833251953125
138	81215697.423004292199038900434970855712890625
139	131409758.85044819093309342861175537109375
140	212625456.273452483132132329046726226806640625
141	344035215.12390067405067384243011474609375
142	556660671.39735315716825425624847412109375
143	900695886.5212538312189280986785888671875
144	1457356557.91860698838718235492706298828125
145	2358052444.43986081960611045360565185546875
146	3815409002.35846780799329280853271484375
147	6173461446.798328627832233905792236328125
148	9988870449.156796435825526714324951171875
149	16162331895.9551250636577606201171875
150	26151202345.1119215004146099090576171875
151	42313534241.0670465640723705291748046875
152	68464736586.178968064486980438232421875
153	110778270827.2460146248340606689453125
154	179243007413.4249826967716217041015625
155	290021278240.670997321605682373046875
156	469264285654.0959800183773040771484375
157	759285563894.7669773101806640625
158	1228549849548.86295735836029052734375
159	1987835413443.62993466854095458984375
160	3216385262992.4928920269012451171875
161	5204220676436.12282657623291015625
162	8420605939428.615718841552734375
163	13624826615864.73854541778564453125
164	22045432555293.3542633056640625
165	35670259171158.092807769775390625
166	57715691726451.447071075439453125
167	93385950897609.53987884521484375
168	151101642624060.9869537353515625
169	244487593521670.526824951171875
170	395589236145731.5137939453125
171	640076829667402.0406494140625
172	1035666065813133.554443359375
173	1675742895480535.5950927734375
174	2711408961293669.1494140625
175	4387151856774204.74462890625
176	7098560818067873.89404296875
177	11485712674842078.638671875
178	18584273492909952.533203125
179	30069986167752031.171875
180	48654259660661983.703125
181	78724245828414014.875
182	127378505489075998.578125
183	206102751317490013.453125
184	333481256806566012.03125
185	539584008124056025.5
186	873065264930622037.5
187	1412649273054678063
188	2285714537985300100.5
189	3698363811039978163.5
190	5984078349025278264
191	9682442160065256428
192	15666520509090534692
193	25348962669155791120
194	41015483178246325812
195	66364445847402116932
196	107379929025648442744
197	173744374873050559680
198	281124303898699002432
199	454868678771749562112
200	735992982670448564544
