0	0
1	0
2	1.1102230246251565404236316680908203125e-16
3	5.5511151231257827021181583404541015625e-17
4	2.220446049250313080847263336181640625e-16
5	2.3592239273284576484002172946929931640625e-16
6	4.64905891561784301302395761013031005859375e-16
7	6.86950496486815609387122094631195068359375e-16
8	1.1553258350005535248783417046070098876953125e-15
9	1.83707216105943871298222802579402923583984375e-15
10	2.9941327195359690449549816548824310302734375e-15
11	4.829470157119430950842797756195068359375e-15
12	7.82533760013137680289219133555889129638671875e-15
13	1.265459091681631065284818760119378566741943359375e-14
14	2.04805790382511787584007834084331989288330078125e-14
15	3.313495311463299231036216951906681060791015625e-14
16	5.3615640573101419619206353672780096530914306640625e-14
17	8.67504852675171633791251224465668201446533203125e-14
18	1.40366125840618582998331476119346916675567626953125e-13
19	2.271165568980271221022348981932736933231353759765625e-13
20	3.6748270984370001723817722449894063174724578857421875e-13
21	5.94599253189199983271606697599054314196109771728515625e-13
22	9.6208197319729536756138799091786495409905910491943359375e-13
23	1.5566812229983635618157933322436292655766010284423828125e-12
24	2.518763197889724823885782001298139221034944057464599609375e-12
25	4.0754444183469895439386743163368009845726191997528076171875e-12
26	6.59420761750726378870590682623742395662702620029449462890625e-12
27	1.06696520354307368590174309730400636908598244190216064453125e-11
28	1.7263859653361517121350487968811648897826671600341796875e-11
29	2.7933511688580495743554343857084631963516585528850555419921875e-11
30	4.51973713421537711017184069106633614865131676197052001953125e-11
31	7.313088303057544816766256945417268298115232028067111968994140625e-11
32	1.18328254372755689048982673250431929545811726711690425872802734375e-10
33	1.91459137403278197657441848933412842370671569369733333587646484375e-10
34	3.097873917760735913758270675122385995337026542983949184417724609375e-10
35	5.0124652917933193669856764378145452809576454455964267253875732421875e-10
36	8.110339209554121455192951355150920988990037585608661174774169921875e-10
37	1.312280450134737464772962355075147655725231743417680263519287109375e-09
38	2.1233143710901496102922574905902397546242355019785463809967041015625e-09
39	3.43559482122488459352338218658236279612339103550766594707965850830078125e-09
40	5.5589091923150366853574773362556271649737027473747730255126953125e-09
41	8.994504013539920451700246969810315089688401712919585406780242919921875e-09
42	1.4553413205854957137057724306065942254662104460294358432292938232421875e-08
43	2.354791721939487758875797127587625734435050617321394383907318115234375e-08
44	3.810133042524983803453814579405289908464737891335971653461456298828125e-08
45	6.1649247644644715623296117069929156428997885086573660373687744140625e-08
46	9.9750578069894547040389362439760656542375727440230548381805419921875e-08
47	1.613998257145392626636854795096898129713736125268042087554931640625e-07
48	2.611504037844338361738544436463360653988274862058460712432861328125e-07
49	4.22550229498973098837539923156025878370201098732650279998779296875e-07
50	6.837006332834069350113943668023619437690285849384963512420654296875e-07
51	1.10625086278237992796981588317084543859891709871590137481689453125e-06
52	1.78995149606578696886032865676074976590825826860964298248291015625e-06
53	2.8962023588481668968301445399315952045071753673255443572998046875e-06
54	4.6861538549139534421739995695421754362541832961142063140869140625e-06
55	7.58235621376212033900414410947377064076135866343975067138671875e-06
56	1.2268510068676074628211090933316285145338042639195919036865234375e-05
57	1.985086628243819327314934053418937764945439994335174560546875e-05
58	3.21193763511142695954263259761063409314374439418315887451171875e-05
59	5.19702426335524628685756665102957185808918438851833343505859375e-05
60	8.4089618984666732464001992486402059512329287827014923095703125e-05
61	0.00013605986161821918855631408096229506554664112627506256103515625
62	0.000220149480602885934572843229517502550152130424976348876953125
63	0.0003562093422211051502342116226174084658850915729999542236328125
64	0.000576358822823991030596946227859689315664581954479217529296875
65	0.00093256816504509623504126647475231948192231357097625732421875
66	0.0015089269878690871572179954540615653968416154384613037109375
67	0.0024414951529141836090996964259147716802544891834259033203125
68	0.00395042214078327076631769187997633707709610462188720703125
69	0.00639191729369745394173651931168933515436947345733642578125
70	0.0103423394344807247080542111916656722314655780792236328125
71	0.016734256728178180384514206480162101797759532928466796875
72	0.0270765961626589050925684176718277740292251110076904296875
73	0.04381085289083708200763567219837568700313568115234375
74	0.07088744905349599056965104182381764985620975494384765625
75	0.11469830194433307257728671402219333685934543609619140625
76	0.1855857509978290631469377558460109867155551910400390625
77	0.300284052942162149602012277682661078870296478271484375
78	0.485869803939991184993374417899758554995059967041015625
79	0.7861538568821533345953866955824196338653564453125
80	1.2720236608221444640776098822243511676788330078125
81	2.058177517704297798672996577806770801544189453125
82	3.3302011785264422627506064600311219692230224609375
83	5.3883786962307400614236030378378927707672119140625
84	8.718579874757182324174209497869014739990234375
85	14.1069585709879223855978125357069075107574462890625
86	22.82553844574510293341518263332545757293701171875
87	36.9324970167330235426561557687819004058837890625
88	59.75803546247812647607133840210735797882080078125
89	96.690532479211157124154851771891117095947265625
90	156.448567941689276494798832572996616363525390625
91	253.13910042090043361895368434488773345947265625
92	409.58766836258973853546194732189178466796875
93	662.7267687834901153109967708587646484375
94	1072.31443714607985384645871818065643310546875
95	1735.04120592956996915745548903942108154296875
96	2807.3556430756498230039142072200775146484375
97	4542.396849005219337414018809795379638671875
98	7349.7524920808691604179330170154571533203125
99	11892.14934108608940732665359973907470703125
100	19241.9018331669576582498848438262939453125
101	31134.05117425304706557653844356536865234375
102	50375.9530074200010858476161956787109375
103	81510.00418167305178940296173095703125
104	131885.9571890930528752505779266357421875
105	213395.9613707661046646535396575927734375
106	345281.918559859157539904117584228515625
107	558677.8799306252039968967437744140625
108	903959.798490484361536800861358642578125
109	1462637.6784211094491183757781982421875
110	2366597.4769115936942398548126220703125
111	3829235.1553327031433582305908203125
112	6195832.632244296371936798095703125
113	10025067.7875769995152950286865234375
114	16220900.4198212958872318267822265625
115	26245968.20739829540252685546875
116	42466868.6272195875644683837890625
117	68712836.8346178829669952392578125
118	111179705.461837470531463623046875
119	179892542.2964553534984588623046875
120	291072247.75829279422760009765625
121	470964790.05474817752838134765625
122	762037037.8130409717559814453125
123	1233001827.86778926849365234375
124	1995038865.6808302402496337890625
125	3228040693.54861927032470703125
126	5223079559.22944927215576171875
127	8451120252.77806854248046875
128	13674199812.007518768310546875
129	22125320064.785587310791015625
130	35799519876.7931060791015625
131	57924839941.5786895751953125
132	93724359818.371795654296875
133	151649199759.95050048828125
134	245373559578.322296142578125
135	397022759338.2728271484375
136	642396318916.5950927734375
137	1039419078254.867919921875
138	1681815397171.462890625
139	2721234475426.3310546875
140	4403049872597.7939453125
141	7124284348024.125
142	11527334220621.91796875
143	18651618568646.04296875
144	30178952789267.9609375
145	48830571357914
146	79009524147181.96875
147	127840095505095.96875
148	206849619652277.9375
149	334689715157373.875
150	541539334809651.8125
151	876229049967025.75
152	1417768384776677.5
153	2293997434743703
154	3711765819520380.5
155	6005763254264084
156	9717529073784464
157	15723292328048548
158	25440821401833012
159	41164113729881560
160	66604935131714576
161	107769048861596128
162	174373983993310720
163	282143032854906848
164	456517016848217600
165	738660049703124480
166	1195177066551342080
167	1933837116254466560
168	3129014182805808640
169	5062851299060275200
170	8191865481866084352
171	13254716780926359552
172	21446582262792445952
173	34701299043718807552
174	56147881306511253504
175	90849180350230069248
176	146997061656741314560
177	237846242006971383808
178	384843303663712731136
179	622689545670684049408
180	1007532849334396780544
181	1630222395005080698880
182	2637755244339477348352
183	4267977639344558047232
184	6905732883684035395584
185	11173710523028593442816
186	18079443406712628838400
187	29253153929741224378368
188	47332597336453855313920
189	76585751266195071303680
190	123918348602648918228992
191	200504099868843989532672
192	324422448471492907761664
193	524926548340336897294336
194	849348996811829872164864
195	1374275545152166769459200
196	2223624541963996641624064
197	3597900087116163679518720
198	5821524629080160858013696
199	9419424716196324537532416
200	15240949345276485395546112
