0	1 0 1	-1 0 -1	0 0 0	
0.1	0.998 0.0399 0.998	-0.997 -0.08 -0.997	0.00649 -0.0797 0.00649	
0.2	0.993 0.0795 0.993	-0.986 -0.16 -0.986	0.0259 -0.157 0.0259	
0.3	0.983 0.118 0.983	-0.969 -0.239 -0.969	0.0578 -0.232 0.0578	
0.4	0.971 0.156 0.971	-0.946 -0.317 -0.946	0.102 -0.3 0.102	
0.5	0.955 0.192 0.955	-0.917 -0.395 -0.917	0.157 -0.362 0.157	
0.6	0.936 0.226 0.936	-0.883 -0.471 -0.883	0.223 -0.415 0.223	
0.7	0.915 0.259 0.915	-0.843 -0.546 -0.843	0.298 -0.46 0.298	
0.8	0.891 0.289 0.891	-0.799 -0.619 -0.799	0.381 -0.493 0.381	
0.9	0.865 0.316 0.865	-0.751 -0.69 -0.751	0.47 -0.516 0.47	
1	0.838 0.341 0.838	-0.698 -0.759 -0.698	0.564 -0.526 0.564	
1.1	0.809 0.363 0.809	-0.642 -0.826 -0.642	0.662 -0.524 0.662	
1.2	0.779 0.382 0.779	-0.582 -0.89 -0.582	0.761 -0.509 0.761	
1.3	0.749 0.398 0.749	-0.519 -0.952 -0.519	0.859 -0.48 0.859	
1.4	0.718 0.412 0.718	-0.453 -1.01 -0.453	0.956 -0.438 0.956	
1.5	0.688 0.422 0.688	-0.384 -1.07 -0.384	1.05 -0.382 1.05	
1.6	0.659 0.429 0.659	-0.313 -1.12 -0.313	1.13 -0.312 1.13	
1.7	0.631 0.432 0.631	-0.24 -1.17 -0.24	1.21 -0.23 1.21	
1.8	0.604 0.434 0.604	-0.165 -1.22 -0.165	1.27 -0.135 1.27	
1.9	0.58 0.432 0.58	-0.0883 -1.26 -0.0883	1.33 -0.0294 1.33	
2	0.559 0.428 0.559	-0.0102 -1.3 -0.0102	1.36 0.086 1.36	
2.1	0.541 0.422 0.541	0.0689 -1.34 0.0689	1.38 0.209 1.38	
2.2	0.527 0.415 0.527	0.149 -1.38 0.149	1.37 0.337 1.37	
2.3	0.517 0.407 0.517	0.23 -1.41 0.23	1.35 0.466 1.35	
2.4	0.511 0.399 0.511	0.311 -1.44 0.311	1.3 0.594 1.3	
2.5	0.509 0.391 0.509	0.393 -1.47 0.393	1.22 0.715 1.22	
2.6	0.512 0.385 0.512	0.475 -1.49 0.475	1.13 0.826 1.13	
2.7	0.518 0.381 0.518	0.558 -1.51 0.558	1.01 0.924 1.01	
2.8	0.527 0.38 0.527	0.64 -1.53 0.64	0.885 1 0.885	
2.9	0.538 0.382 0.538	0.722 -1.55 0.722	0.744 1.06 0.744	
3	0.55 0.387 0.55	0.804 -1.57 0.804	0.597 1.1 0.597	
3.1	0.562 0.396 0.562	0.886 -1.58 0.886	0.448 1.12 0.448	
3.2	0.574 0.409 0.574	0.968 -1.59 0.968	0.303 1.11 0.303	
3.3	0.585 0.425 0.585	1.05 -1.6 1.05	0.165 1.09 0.165	
3.4	0.594 0.444 0.594	1.13 -1.61 1.13	0.0374 1.05 0.0374	
3.5	0.6 0.465 0.6	1.21 -1.61 1.21	-0.077 0.997 -0.077	
3.6	0.604 0.488 0.604	1.29 -1.61 1.29	-0.176 0.93 -0.176	
3.7	0.605 0.513 0.605	1.37 -1.61 1.37	-0.26 0.854 -0.26	
3.8	0.603 0.538 0.603	1.45 -1.61 1.45	-0.326 0.771 -0.326	
3.9	0.598 0.564 0.598	1.52 -1.61 1.52	-0.376 0.684 -0.376	
4	0.59 0.59 0.59	1.6 -1.61 1.6	-0.41 0.595 -0.41	
4.1	0.579 0.615 0.579	1.67 -1.6 1.67	-0.427 0.506 -0.427	
4.2	0.565 0.64 0.565	1.75 -1.59 1.75	-0.429 0.418 -0.429	
4.3	0.549 0.665 0.549	1.82 -1.58 1.82	-0.416 0.333 -0.416	
4.4	0.53 0.688 0.53	1.9 -1.57 1.9	-0.389 0.252 -0.389	
4.5	0.509 0.71 0.509	1.97 -1.56 1.97	-0.35 0.178 -0.35	
4.6	0.486 0.73 0.486	2.04 -1.55 2.04	-0.298 0.11 -0.298	
4.7	0.461 0.748 0.461	2.11 -1.54 2.11	-0.237 0.0505 -0.237	
4.8	0.435 0.765 0.435	2.18 -1.52 2.18	-0.166 2.8e-05 -0.166	
4.9	0.407 0.779 0.407	2.25 -1.5 2.25	-0.0865 -0.0405 -0.0865	
5	0.379 0.792 0.379	2.31 -1.49 2.31	-0.000715 -0.0703 -0.000715	
5.1	0.349 0.802 0.349	2.38 -1.47 2.38	0.0904 -0.0886 0.0904	
5.2	0.319 0.809 0.319	2.45 -1.45 2.45	0.185 -0.0949 0.185	
5.3	0.289 0.814 0.289	2.51 -1.43 2.51	0.282 -0.0884 0.282	
5.4	0.259 0.816 0.259	2.57 -1.4 2.57	0.379 -0.0689 0.379	
5.5	0.229 0.816 0.229	2.64 -1.38 2.64	0.475 -0.0359 0.475	
5.6	0.201 0.812 0.201	2.7 -1.36 2.7	0.567 0.0106 0.567	
5.7	0.173 0.807 0.173	2.76 -1.33 2.76	0.652 0.0707 0.652	
5.8	0.148 0.798 0.148	2.82 -1.31 2.82	0.73 0.144 0.73	
5.9	0.125 0.787 0.125	2.87 -1.28 2.87	0.796 0.23 0.796	
6	0.104 0.774 0.104	2.93 -1.25 2.93	0.848 0.327 0.848	
6.1	0.0869 0.758 0.0869	2.99 -1.22 2.99	0.884 0.434 0.884	
6.2	0.0735 0.742 0.0735	3.04 -1.2 3.04	0.902 0.548 0.902	
6.3	0.0642 0.724 0.0642	3.09 -1.17 3.09	0.898 0.667 0.898	
6.4	0.0593 0.705 0.0593	3.15 -1.14 3.15	0.871 0.788 0.871	
6.5	0.0591 0.687 0.0591	3.2 -1.11 3.2	0.822 0.906 0.822	
6.6	0.0633 0.671 0.0633	3.25 -1.07 3.25	0.749 1.02 0.749	
6.7	0.0716 0.656 0.0716	3.3 -1.04 3.3	0.655 1.12 0.655	
6.8	0.0837 0.644 0.0837	3.34 -1.01 3.34	0.543 1.2 0.543	
6.9	0.0986 0.635 0.0986	3.39 -0.975 3.39	0.416 1.27 0.416	
7	0.116 0.63 0.116	3.44 -0.941 3.44	0.28 1.32 0.28	
7.1	0.134 0.628 0.134	3.48 -0.907 3.48	0.138 1.34 0.138	
7.2	0.152 0.63 0.152	3.53 -0.872 3.53	-0.00294 1.35 -0.00294	
7.3	0.17 0.636 0.17	3.57 -0.836 3.57	-0.14 1.33 -0.14	
7.4	0.186 0.646 0.186	3.61 -0.8 3.61	-0.269 1.3 -0.269	
7.5	0.2 0.658 0.2	3.65 -0.764 3.65	-0.387 1.25 -0.387	
7.6	0.213 0.673 0.213	3.69 -0.727 3.69	-0.491 1.19 -0.491	
7.7	0.222 0.689 0.222	3.73 -0.689 3.73	-0.581 1.12 -0.581	
7.8	0.229 0.708 0.229	3.77 -0.651 3.77	-0.655 1.04 -0.655	
7.9	0.233 0.727 0.233	3.8 -0.613 3.8	-0.712 0.95 -0.712	
8	0.234 0.747 0.234	3.84 -0.575 3.84	-0.753 0.859 -0.753	
8.1	0.232 0.767 0.232	3.87 -0.536 3.87	-0.778 0.765 -0.778	
8.2	0.228 0.787 0.228	3.91 -0.496 3.91	-0.787 0.672 -0.787	
8.3	0.221 0.807 0.221	3.94 -0.457 3.94	-0.781 0.58 -0.781	
8.4	0.211 0.826 0.211	3.97 -0.417 3.97	-0.76 0.492 -0.76	
8.5	0.199 0.844 0.199	4 -0.376 4	-0.727 0.408 -0.727	
8.6	0.185 0.861 0.185	4.03 -0.336 4.03	-0.68 0.329 -0.68	
8.7	0.169 0.877 0.169	4.06 -0.295 4.06	-0.622 0.258 -0.622	
8.8	0.151 0.891 0.151	4.08 -0.253 4.08	-0.554 0.195 -0.554	
8.9	0.132 0.903 0.132	4.11 -0.212 4.11	-0.477 0.141 -0.477	
9	0.111 0.914 0.111	4.13 -0.17 4.13	-0.391 0.0963 -0.391	
9.1	0.0891 0.922 0.0891	4.16 -0.128 4.16	-0.299 0.0625 -0.299	
9.2	0.0665 0.929 0.0665	4.18 -0.0856 4.18	-0.202 0.04 -0.202	
9.3	0.0435 0.933 0.0435	4.2 -0.0432 4.2	-0.101 0.0295 -0.101	
9.4	0.0202 0.934 0.0202	4.22 -0.000498 4.22	0.00224 0.0316 0.00224	
9.5	-0.00301 0.933 -0.00301	4.24 0.0424 4.24	0.106 0.0467 0.106	
9.6	-0.0257 0.93 -0.0257	4.26 0.0854 4.26	0.208 0.0752 0.208	
9.7	-0.0476 0.924 -0.0476	4.28 0.129 4.28	0.307 0.117 0.307	
9.8	-0.0682 0.915 -0.0682	4.3 0.172 4.3	0.399 0.173 0.399	
9.9	-0.087 0.904 -0.087	4.31 0.215 4.31	0.484 0.242 0.484	
10	-0.104 0.891 -0.104	4.33 0.259 4.33	0.558 0.323 0.558	
10.1	-0.118 0.875 -0.118	4.34 0.303 4.34	0.618 0.417 0.618	
10.2	-0.128 0.858 -0.128	4.36 0.347 4.36	0.662 0.52 0.662	
10.3	-0.135 0.838 -0.135	4.37 0.39 4.37	0.688 0.631 0.688	
10.4	-0.138 0.818 -0.138	4.38 0.434 4.38	0.692 0.748 0.692	
10.5	-0.137 0.798 -0.137	4.39 0.479 4.39	0.674 0.867 0.674	
10.6	-0.131 0.778 -0.131	4.4 0.523 4.4	0.633 0.983 0.633	
10.7	-0.12 0.759 -0.12	4.41 0.567 4.41	0.568 1.09 0.568	
10.8	-0.105 0.742 -0.105	4.41 0.611 4.41	0.482 1.19 0.482	
10.9	-0.0868 0.728 -0.0868	4.42 0.656 4.42	0.377 1.28 0.377	
11	-0.0653 0.717 -0.0653	4.42 0.7 4.42	0.257 1.34 0.257	
11.1	-0.0417 0.709 -0.0417	4.43 0.744 4.43	0.127 1.39 0.127	
11.2	-0.017 0.706 -0.017	4.43 0.789 4.43	-0.00833 1.42 -0.00833	
11.3	0.00789 0.707 0.00789	4.43 0.833 4.43	-0.144 1.42 -0.144	
11.4	0.0322 0.711 0.0322	4.44 0.878 4.44	-0.275 1.41 -0.275	
11.5	0.0551 0.719 0.0551	4.44 0.922 4.44	-0.397 1.38 -0.397	
11.6	0.0762 0.73 0.0762	4.44 0.967 4.44	-0.509 1.33 -0.509	
11.7	0.095 0.743 0.095	4.43 1.01 4.43	-0.608 1.26 -0.608	
11.8	0.111 0.759 0.111	4.43 1.06 4.43	-0.692 1.19 -0.692	
11.9	0.125 0.776 0.125	4.43 1.1 4.43	-0.76 1.11 -0.76	
12	0.135 0.794 0.135	4.42 1.14 4.42	-0.811 1.02 -0.811	
12.1	0.143 0.813 0.143	4.42 1.19 4.42	-0.847 0.93 -0.847	
12.2	0.148 0.832 0.148	4.41 1.23 4.41	-0.866 0.837 -0.866	
12.3	0.15 0.852 0.15	4.41 1.28 4.41	-0.87 0.743 -0.87	
12.4	0.149 0.871 0.149	4.4 1.32 4.4	-0.859 0.651 -0.859	
12.5	0.146 0.889 0.146	4.39 1.36 4.39	-0.834 0.562 -0.834	
12.6	0.141 0.907 0.141	4.38 1.41 4.38	-0.795 0.477 -0.795	
12.7	0.133 0.923 0.133	4.37 1.45 4.37	-0.743 0.398 -0.743	
12.8	0.124 0.939 0.124	4.36 1.49 4.36	-0.681 0.326 -0.681	
12.9	0.112 0.953 0.112	4.34 1.54 4.34	-0.607 0.262 -0.607	
13	0.0994 0.965 0.0994	4.33 1.58 4.33	-0.525 0.207 -0.525	
13.1	0.0852 0.975 0.0852	4.31 1.62 4.31	-0.435 0.161 -0.435	
13.2	0.07 0.984 0.07	4.3 1.67 4.3	-0.337 0.126 -0.337	
13.3	0.0538 0.991 0.0538	4.28 1.71 4.28	-0.235 0.102 -0.235	
13.4	0.0372 0.995 0.0372	4.26 1.75 4.26	-0.128 0.0894 -0.128	
13.5	0.0202 0.997 0.0202	4.24 1.79 4.24	-0.0193 0.0896 -0.0193	
13.6	0.00334 0.997 0.00334	4.23 1.84 4.23	0.0904 0.103 0.0904	
13.7	-0.0132 0.994 -0.0132	4.2 1.88 4.2	0.199 0.129 0.199	
13.8	-0.0289 0.989 -0.0289	4.18 1.92 4.18	0.304 0.169 0.304	
13.9	-0.0434 0.981 -0.0434	4.16 1.96 4.16	0.404 0.223 0.404	
14	-0.0564 0.97 -0.0564	4.14 2 4.14	0.496 0.29 0.496	
14.1	-0.0672 0.958 -0.0672	4.11 2.04 4.11	0.578 0.37 0.578	
14.2	-0.0754 0.943 -0.0754	4.09 2.08 4.09	0.647 0.462 0.647	
14.3	-0.0805 0.926 -0.0805	4.06 2.12 4.06	0.7 0.564 0.7	
14.4	-0.082 0.908 -0.082	4.04 2.16 4.04	0.735 0.675 0.735	
14.5	-0.0794 0.888 -0.0794	4.01 2.2 4.01	0.75 0.792 0.75	
14.6	-0.0725 0.869 -0.0725	3.98 2.24 3.98	0.741 0.912 0.741	
14.7	-0.0609 0.849 -0.0609	3.95 2.28 3.95	0.71 1.03 0.71	
14.8	-0.0448 0.831 -0.0448	3.92 2.32 3.92	0.654 1.14 0.654	
14.9	-0.0243 0.814 -0.0243	3.89 2.36 3.89	0.577 1.25 0.577	
15	3.44e-05 0.8 3.44e-05	3.85 2.4 3.85	0.48 1.34 0.48	
15.1	0.0275 0.79 0.0275	3.82 2.43 3.82	0.367 1.41 0.367	
15.2	0.0571 0.783 0.0571	3.79 2.47 3.79	0.243 1.46 0.243	
15.3	0.088 0.781 0.088	3.75 2.51 3.75	0.114 1.49 0.114	
15.4	0.119 0.782 0.119	3.71 2.54 3.71	-0.0159 1.5 -0.0159	
15.5	0.15 0.788 0.15	3.68 2.58 3.68	-0.142 1.49 -0.142	
15.6	0.179 0.797 0.179	3.64 2.62 3.64	-0.26 1.46 -0.26	
15.7	0.207 0.809 0.207	3.6 2.65 3.6	-0.367 1.41 -0.367	
15.8	0.232 0.823 0.232	3.56 2.69 3.56	-0.462 1.35 -0.462	
15.9	0.254 0.84 0.254	3.52 2.72 3.52	-0.541 1.28 -0.541	
16	0.274 0.859 0.274	3.48 2.75 3.48	-0.605 1.2 -0.605	
16.1	0.291 0.878 0.291	3.43 2.79 3.43	-0.652 1.12 -0.652	
16.2	0.305 0.899 0.305	3.39 2.82 3.39	-0.683 1.03 -0.683	
16.3	0.316 0.92 0.316	3.34 2.85 3.34	-0.698 0.935 -0.698	
16.4	0.325 0.942 0.325	3.3 2.88 3.3	-0.698 0.843 -0.698	
16.5	0.331 0.963 0.331	3.25 2.91 3.25	-0.682 0.753 -0.682	
16.6	0.334 0.984 0.334	3.2 2.94 3.2	-0.653 0.665 -0.653	
16.7	0.335 1 0.335	3.16 2.97 3.16	-0.609 0.582 -0.609	
16.8	0.334 1.02 0.334	3.11 3 3.11	-0.554 0.505 -0.554	
16.9	0.331 1.04 0.331	3.06 3.03 3.06	-0.487 0.434 -0.487	
17	0.326 1.06 0.326	3.01 3.06 3.01	-0.409 0.371 -0.409	
17.1	0.319 1.07 0.319	2.95 3.08 2.95	-0.322 0.317 -0.322	
17.2	0.311 1.09 0.311	2.9 3.11 2.9	-0.227 0.272 -0.227	
17.3	0.302 1.1 0.302	2.85 3.14 2.85	-0.125 0.238 -0.125	
17.4	0.293 1.11 0.293	2.79 3.16 2.79	-0.0178 0.215 -0.0178	
17.5	0.282 1.11 0.282	2.74 3.18 2.74	0.0939 0.203 0.0939	
17.6	0.271 1.12 0.271	2.68 3.21 2.68	0.208 0.204 0.208	
17.7	0.26 1.12 0.26	2.62 3.23 2.62	0.323 0.218 0.323	
17.8	0.25 1.12 0.25	2.56 3.25 2.56	0.438 0.245 0.438	
17.9	0.24 1.12 0.24	2.5 3.27 2.5	0.55 0.285 0.55	
18	0.231 1.12 0.231	2.44 3.29 2.44	0.656 0.34 0.656	
18.1	0.224 1.11 0.224	2.38 3.31 2.38	0.756 0.407 0.756	
18.2	0.219 1.1 0.219	2.32 3.33 2.32	0.846 0.488 0.846	
18.3	0.216 1.09 0.216	2.26 3.35 2.26	0.923 0.581 0.923	
18.4	0.216 1.08 0.216	2.19 3.36 2.19	0.986 0.686 0.986	
18.5	0.22 1.07 0.22	2.13 3.38 2.13	1.03 0.799 1.03	
18.6	0.228 1.05 0.228	2.06 3.39 2.06	1.06 0.92 1.06	
18.7	0.24 1.04 0.24	2 3.4 2	1.06 1.04 1.06	
18.8	0.256 1.02 0.256	1.93 3.42 1.93	1.04 1.17 1.04	
18.9	0.277 1.01 0.277	1.86 3.43 1.86	0.991 1.29 0.991	
19	0.303 0.994 0.303	1.79 3.43 1.79	0.922 1.4 0.922	
19.1	0.333 0.984 0.333	1.73 3.44 1.73	0.833 1.5 0.833	
19.2	0.366 0.978 0.366	1.66 3.45 1.66	0.728 1.58 0.728	
19.3	0.401 0.975 0.401	1.59 3.45 1.59	0.61 1.64 0.61	
19.4	0.438 0.977 0.438	1.51 3.46 1.51	0.485 1.68 0.485	
19.5	0.475 0.983 0.475	1.44 3.46 1.44	0.359 1.69 0.359	
19.6	0.511 0.994 0.511	1.37 3.46 1.37	0.237 1.69 0.237	
19.7	0.546 1.01 0.546	1.3 3.46 1.3	0.122 1.67 0.122	
19.8	0.58 1.03 0.58	1.22 3.46 1.22	0.0179 1.63 0.0179	
19.9	0.61 1.05 0.61	1.15 3.46 1.15	-0.0727 1.58 -0.0727	
20	0.639 1.07 0.639	1.08 3.45 1.08	-0.148 1.51 -0.148	
20.1	0.664 1.09 0.664	1 3.44 1	-0.208 1.44 -0.208	
20.2	0.686 1.12 0.686	0.926 3.44 0.926	-0.251 1.36 -0.251	
20.3	0.705 1.15 0.705	0.85 3.42 0.85	-0.278 1.28 -0.278	
20.4	0.721 1.18 0.721	0.774 3.41 0.774	-0.289 1.19 -0.289	
20.5	0.735 1.21 0.735	0.699 3.4 0.699	-0.284 1.11 -0.284	
20.6	0.745 1.23 0.745	0.623 3.38 0.623	-0.264 1.02 -0.264	
20.7	0.753 1.26 0.753	0.547 3.36 0.547	-0.229 0.944 -0.229	
20.8	0.758 1.29 0.758	0.471 3.34 0.471	-0.181 0.868 -0.181	
20.9	0.761 1.32 0.761	0.395 3.32 0.395	-0.121 0.798 -0.121	
21	0.762 1.34 0.762	0.32 3.3 0.32	-0.0486 0.736 -0.0486	
21.1	0.76 1.37 0.76	0.245 3.27 0.245	0.0337 0.681 0.0337	
21.2	0.757 1.39 0.757	0.17 3.24 0.17	0.125 0.635 0.125	
21.3	0.752 1.42 0.752	0.0961 3.21 0.0961	0.225 0.6 0.225	
21.4	0.746 1.44 0.746	0.0229 3.18 0.0229	0.331 0.575 0.331	
21.5	0.739 1.46 0.739	-0.0494 3.14 -0.0494	0.443 0.562 0.443	
21.6	0.73 1.47 0.73	-0.121 3.1 -0.121	0.558 0.561 0.558	
21.7	0.721 1.49 0.721	-0.191 3.06 -0.191	0.676 0.573 0.676	
21.8	0.712 1.5 0.712	-0.259 3.02 -0.259	0.794 0.598 0.794	
21.9	0.703 1.51 0.703	-0.326 2.97 -0.326	0.911 0.637 0.911	
22	0.694 1.52 0.694	-0.391 2.92 -0.391	1.02 0.69 1.02	
22.1	0.685 1.53 0.685	-0.454 2.87 -0.454	1.13 0.757 1.13	
22.2	0.678 1.54 0.678	-0.515 2.81 -0.515	1.23 0.838 1.23	
22.3	0.672 1.54 0.672	-0.574 2.76 -0.574	1.32 0.932 1.32	
22.4	0.668 1.54 0.668	-0.629 2.7 -0.629	1.4 1.04 1.4	
22.5	0.667 1.54 0.667	-0.682 2.64 -0.682	1.46 1.16 1.46	
22.6	0.668 1.54 0.668	-0.731 2.57 -0.731	1.5 1.28 1.5	
22.7	0.673 1.54 0.673	-0.776 2.5 -0.776	1.52 1.41 1.52	
22.8	0.68 1.53 0.68	-0.818 2.43 -0.818	1.52 1.55 1.52	
22.9	0.692 1.53 0.692	-0.855 2.36 -0.855	1.5 1.68 1.5	
23	0.706 1.53 0.706	-0.888 2.28 -0.888	1.45 1.82 1.45	
23.1	0.724 1.53 0.724	-0.916 2.21 -0.916	1.39 1.94 1.39	
23.2	0.744 1.54 0.744	-0.939 2.13 -0.939	1.3 2.05 1.3	
23.3	0.767 1.54 0.767	-0.957 2.05 -0.957	1.2 2.15 1.2	
23.4	0.791 1.55 0.791	-0.97 1.96 -0.97	1.09 2.23 1.09	
23.5	0.815 1.57 0.815	-0.977 1.88 -0.977	0.962 2.29 0.962	
23.6	0.84 1.59 0.84	-0.979 1.8 -0.979	0.834 2.33 0.834	
23.7	0.863 1.61 0.863	-0.975 1.71 -0.975	0.705 2.36 0.705	
23.8	0.885 1.63 0.885	-0.966 1.63 -0.966	0.579 2.36 0.579	
23.9	0.905 1.66 0.905	-0.951 1.55 -0.951	0.459 2.35 0.459	
24	0.922 1.69 0.922	-0.931 1.46 -0.931	0.349 2.32 0.349	
24.1	0.935 1.72 0.935	-0.905 1.38 -0.905	0.25 2.28 0.25	
24.2	0.946 1.76 0.946	-0.875 1.3 -0.875	0.164 2.22 0.164	
24.3	0.952 1.8 0.952	-0.839 1.22 -0.839	0.0927 2.15 0.0927	
24.4	0.955 1.84 0.955	-0.798 1.15 -0.798	0.0368 2.08 0.0368	
24.5	0.954 1.87 0.954	-0.753 1.07 -0.753	-0.00321 2 -0.00321	
24.6	0.95 1.91 0.95	-0.704 1 -0.704	-0.0271 1.92 -0.0271	
24.7	0.941 1.95 0.941	-0.65 0.936 -0.65	-0.035 1.83 -0.035	
24.8	0.929 1.99 0.929	-0.594 0.871 -0.594	-0.0276 1.75 -0.0276	
24.9	0.914 2.03 0.914	-0.533 0.809 -0.533	-0.00553 1.67 -0.00553	
25	0.895 2.06 0.895	-0.47 0.749 -0.47	0.0302 1.6 0.0302	
25.1	0.874 2.09 0.874	-0.404 0.693 -0.404	0.0783 1.53 0.0783	
25.2	0.85 2.13 0.85	-0.336 0.639 -0.336	0.138 1.46 0.138	
25.3	0.823 2.15 0.823	-0.265 0.589 -0.265	0.207 1.41 0.207	
25.4	0.795 2.18 0.795	-0.193 0.541 -0.193	0.284 1.37 0.284	
25.5	0.766 2.21 0.766	-0.119 0.496 -0.119	0.368 1.34 0.368	
25.6	0.735 2.23 0.735	-0.043 0.454 -0.043	0.458 1.32 0.458	
25.7	0.703 2.25 0.703	0.0339 0.414 0.0339	0.551 1.31 0.551	
25.8	0.671 2.26 0.671	0.112 0.378 0.112	0.645 1.31 0.645	
25.9	0.638 2.28 0.638	0.191 0.344 0.191	0.74 1.33 0.74	
26	0.606 2.29 0.606	0.27 0.312 0.27	0.834 1.36 0.834	
26.1	0.574 2.29 0.574	0.351 0.284 0.351	0.923 1.4 0.923	
26.2	0.543 2.3 0.543	0.431 0.258 0.431	1.01 1.45 1.01	
26.3	0.513 2.3 0.513	0.512 0.234 0.512	1.09 1.52 1.09	
26.4	0.485 2.3 0.485	0.593 0.213 0.593	1.16 1.6 1.16	
26.5	0.459 2.3 0.459	0.674 0.195 0.674	1.21 1.68 1.21	
26.6	0.435 2.29 0.435	0.755 0.179 0.755	1.26 1.78 1.26	
26.7	0.413 2.29 0.413	0.836 0.165 0.836	1.29 1.89 1.29	
26.8	0.395 2.28 0.395	0.917 0.153 0.917	1.31 2 1.31	
26.9	0.38 2.27 0.38	0.997 0.144 0.997	1.31 2.12 1.31	
27	0.368 2.26 0.368	1.08 0.136 1.08	1.29 2.23 1.29	
27.1	0.36 2.24 0.36	1.16 0.131 1.16	1.25 2.35 1.25	
27.2	0.356 2.23 0.356	1.23 0.128 1.23	1.2 2.47 1.2	
27.3	0.355 2.22 0.355	1.31 0.126 1.31	1.13 2.58 1.13	
27.4	0.358 2.21 0.358	1.39 0.127 1.39	1.04 2.68 1.04	
27.5	0.364 2.21 0.364	1.47 0.129 1.47	0.928 2.78 0.928	
27.6	0.372 2.2 0.372	1.54 0.133 1.54	0.807 2.85 0.807	
27.7	0.383 2.2 0.383	1.62 0.139 1.62	0.676 2.91 0.676	
27.8	0.395 2.2 0.395	1.69 0.146 1.69	0.538 2.96 0.538	
27.9	0.408 2.2 0.408	1.76 0.156 1.76	0.396 2.98 0.396	
28	0.421 2.21 0.421	1.84 0.166 1.84	0.254 2.98 0.254	
28.1	0.433 2.22 0.433	1.91 0.178 1.91	0.117 2.97 0.117	
28.2	0.444 2.23 0.444	1.98 0.192 1.98	-0.0129 2.94 -0.0129	
28.3	0.454 2.25 0.454	2.05 0.207 2.05	-0.132 2.89 -0.132	
28.4	0.461 2.27 0.461	2.11 0.223 2.11	-0.238 2.82 -0.238	
28.5	0.466 2.29 0.466	2.18 0.24 2.18	-0.33 2.75 -0.33	
28.6	0.467 2.31 0.467	2.25 0.259 2.25	-0.405 2.66 -0.405	
28.7	0.466 2.34 0.466	2.31 0.28 2.31	-0.464 2.57 -0.464	
28.8	0.462 2.36 0.462	2.37 0.301 2.37	-0.506 2.48 -0.506	
28.9	0.455 2.38 0.455	2.44 0.324 2.44	-0.53 2.38 -0.53	
29	0.446 2.41 0.446	2.5 0.347 2.5	-0.539 2.28 -0.539	
29.1	0.433 2.43 0.433	2.56 0.372 2.56	-0.532 2.18 -0.532	
29.2	0.418 2.45 0.418	2.62 0.398 2.62	-0.511 2.09 -0.511	
29.3	0.401 2.47 0.401	2.67 0.425 2.67	-0.476 2 -0.476	
29.4	0.381 2.49 0.381	2.73 0.453 2.73	-0.429 1.92 -0.429	
29.5	0.36 2.51 0.36	2.78 0.482 2.78	-0.37 1.85 -0.37	
29.6	0.337 2.53 0.337	2.84 0.511 2.84	-0.302 1.79 -0.302	
29.7	0.313 2.54 0.313	2.89 0.542 2.89	-0.226 1.73 -0.226	
29.8	0.287 2.56 0.287	2.94 0.574 2.94	-0.142 1.69 -0.142	
29.9	0.261 2.57 0.261	2.99 0.606 2.99	-0.0527 1.65 -0.0527	
30	0.234 2.57 0.234	3.04 0.639 3.04	0.0406 1.63 0.0406	
30.1	0.207 2.58 0.207	3.09 0.673 3.09	0.137 1.62 0.137	
30.2	0.18 2.58 0.18	3.14 0.707 3.14	0.234 1.62 0.234	
30.3	0.154 2.58 0.154	3.18 0.743 3.18	0.33 1.63 0.33	
30.4	0.128 2.58 0.128	3.23 0.779 3.23	0.425 1.66 0.425	
30.5	0.103 2.58 0.103	3.27 0.815 3.27	0.516 1.7 0.516	
30.6	0.0787 2.57 0.0787	3.31 0.852 3.31	0.601 1.75 0.601	
30.7	0.0564 2.56 0.0564	3.35 0.89 3.35	0.679 1.81 0.679	
30.8	0.036 2.55 0.036	3.39 0.928 3.39	0.748 1.88 0.748	
30.9	0.0179 2.54 0.0179	3.43 0.967 3.43	0.806 1.97 0.806	
31	0.0024 2.52 0.0024	3.47 1.01 3.47	0.852 2.06 0.852	
31.1	-0.0102 2.51 -0.0102	3.5 1.05 3.5	0.883 2.16 0.883	
31.2	-0.0196 2.49 -0.0196	3.54 1.09 3.54	0.899 2.27 0.899	
31.3	-0.0256 2.47 -0.0256	3.57 1.13 3.57	0.897 2.38 0.897	
31.4	-0.0279 2.45 -0.0279	3.6 1.17 3.6	0.878 2.49 0.878	
31.5	-0.0265 2.43 -0.0265	3.64 1.21 3.64	0.839 2.6 0.839	
31.6	-0.0214 2.42 -0.0214	3.66 1.25 3.66	0.783 2.71 0.783	
31.7	-0.0127 2.4 -0.0127	3.69 1.3 3.69	0.708 2.81 0.708	
31.8	-0.000642 2.38 -0.000642	3.72 1.34 3.72	0.616 2.9 0.616	
31.9	0.0144 2.37 0.0144	3.75 1.38 3.75	0.51 2.98 0.51	
32	0.0319 2.36 0.0319	3.77 1.43 3.77	0.392 3.05 0.392	
32.1	0.0512 2.35 0.0512	3.79 1.47 3.79	0.266 3.09 0.266	
32.2	0.0717 2.35 0.0717	3.82 1.52 3.82	0.134 3.12 0.134	
32.3	0.0927 2.35 0.0927	3.84 1.56 3.84	0.000516 3.13 0.000516	
32.4	0.114 2.35 0.114	3.86 1.61 3.86	-0.13 3.12 -0.13	
32.5	0.133 2.36 0.133	3.88 1.65 3.88	-0.255 3.09 -0.255	
32.6	0.152 2.37 0.152	3.89 1.7 3.89	-0.371 3.05 -0.371	
32.7	0.168 2.38 0.168	3.91 1.75 3.91	-0.476 2.99 -0.476	
32.8	0.183 2.4 0.183	3.93 1.79 3.93	-0.567 2.92 -0.567	
32.9	0.194 2.41 0.194	3.94 1.84 3.94	-0.643 2.83 -0.643	
33	0.203 2.43 0.203	3.95 1.89 3.95	-0.702 2.74 -0.702	
33.1	0.209 2.45 0.209	3.96 1.93 3.96	-0.746 2.65 -0.746	
33.2	0.212 2.47 0.212	3.97 1.98 3.97	-0.773 2.55 -0.773	
33.3	0.213 2.49 0.213	3.98 2.03 3.98	-0.783 2.45 -0.783	
33.4	0.21 2.51 0.21	3.99 2.07 3.99	-0.778 2.35 -0.778	
33.5	0.205 2.53 0.205	4 2.12 4	-0.757 2.25 -0.757	
33.6	0.198 2.55 0.198	4 2.17 4	-0.723 2.16 -0.723	
33.7	0.188 2.57 0.188	4.01 2.22 4.01	-0.675 2.07 -0.675	
33.8	0.176 2.58 0.176	4.01 2.26 4.01	-0.616 1.99 -0.616	
33.9	0.163 2.6 0.163	4.01 2.31 4.01	-0.546 1.91 -0.546	
34	0.148 2.61 0.148	4.01 2.36 4.01	-0.467 1.85 -0.467	
34.1	0.132 2.62 0.132	4.01 2.41 4.01	-0.38 1.79 -0.38	
34.2	0.115 2.63 0.115	4.01 2.46 4.01	-0.286 1.75 -0.286	
34.3	0.0967 2.64 0.0967	4 2.5 4	-0.187 1.72 -0.187	
34.4	0.0782 2.64 0.0782	4 2.55 4	-0.0838 1.69 -0.0838	
34.5	0.0596 2.65 0.0596	3.99 2.6 3.99	0.0211 1.68 0.0211	
34.6	0.0411 2.65 0.0411	3.99 2.65 3.99	0.127 1.69 0.127	
34.7	0.0229 2.65 0.0229	3.98 2.7 3.98	0.231 1.7 0.231	
34.8	0.00552 2.64 0.00552	3.97 2.75 3.97	0.334 1.73 0.334	
34.9	-0.0109 2.63 -0.0109	3.96 2.79 3.96	0.431 1.77 0.431	
35	-0.0259 2.63 -0.0259	3.95 2.84 3.95	0.523 1.82 0.523	
35.1	-0.0393 2.61 -0.0393	3.94 2.89 3.94	0.607 1.89 0.607	
35.2	-0.0506 2.6 -0.0506	3.92 2.94 3.92	0.682 1.96 0.682	
35.3	-0.0596 2.59 -0.0596	3.91 2.98 3.91	0.745 2.05 0.745	
35.4	-0.0659 2.57 -0.0659	3.89 3.03 3.89	0.795 2.14 0.795	
35.5	-0.0691 2.55 -0.0691	3.87 3.08 3.87	0.83 2.24 0.83	
35.6	-0.0691 2.53 -0.0691	3.85 3.12 3.85	0.849 2.35 0.849	
35.7	-0.0655 2.51 -0.0655	3.83 3.17 3.83	0.85 2.46 0.85	
35.8	-0.0582 2.49 -0.0582	3.81 3.22 3.81	0.832 2.57 0.832	
35.9	-0.0472 2.47 -0.0472	3.79 3.26 3.79	0.796 2.69 0.796	
36	-0.0324 2.46 -0.0324	3.77 3.31 3.77	0.741 2.79 0.741	
36.1	-0.0141 2.44 -0.0141	3.74 3.36 3.74	0.668 2.89 0.668	
36.2	0.00754 2.42 0.00754	3.71 3.4 3.71	0.579 2.98 0.579	
36.3	0.032 2.41 0.032	3.69 3.45 3.69	0.476 3.05 0.476	
36.4	0.0587 2.4 0.0587	3.66 3.49 3.66	0.363 3.11 0.363	
36.5	0.087 2.4 0.087	3.63 3.53 3.63	0.241 3.15 0.241	
36.6	0.116 2.39 0.116	3.6 3.58 3.6	0.117 3.17 0.117	
36.7	0.146 2.4 0.146	3.56 3.62 3.56	-0.00777 3.17 -0.00777	
36.8	0.175 2.4 0.175	3.53 3.67 3.53	-0.128 3.16 -0.128	
36.9	0.202 2.41 0.202	3.5 3.71 3.5	-0.242 3.12 -0.242	
37	0.229 2.42 0.229	3.46 3.75 3.46	-0.346 3.08 -0.346	
37.1	0.253 2.43 0.253	3.42 3.79 3.42	-0.437 3.01 -0.437	
37.2	0.274 2.45 0.274	3.38 3.83 3.38	-0.514 2.94 -0.514	
37.3	0.293 2.47 0.293	3.35 3.88 3.35	-0.575 2.85 -0.575	
37.4	0.309 2.49 0.309	3.3 3.92 3.3	-0.621 2.76 -0.621	
37.5	0.323 2.51 0.323	3.26 3.96 3.26	-0.65 2.67 -0.65	
37.6	0.333 2.53 0.333	3.22 4 3.22	-0.663 2.57 -0.663	
37.7	0.341 2.55 0.341	3.17 4.03 3.17	-0.66 2.47 -0.66	
37.8	0.346 2.57 0.346	3.13 4.07 3.13	-0.641 2.37 -0.641	
37.9	0.349 2.59 0.349	3.08 4.11 3.08	-0.608 2.27 -0.608	
38	0.349 2.61 0.349	3.03 4.15 3.03	-0.561 2.18 -0.561	
38.1	0.347 2.63 0.347	2.98 4.18 2.98	-0.502 2.1 -0.502	
38.2	0.343 2.65 0.343	2.93 4.22 2.93	-0.431 2.02 -0.431	
38.3	0.338 2.67 0.338	2.88 4.25 2.88	-0.35 1.95 -0.35	
38.4	0.331 2.68 0.331	2.83 4.29 2.83	-0.26 1.89 -0.26	
38.5	0.323 2.69 0.323	2.77 4.32 2.77	-0.162 1.84 -0.162	
38.6	0.314 2.71 0.314	2.72 4.35 2.72	-0.0586 1.8 -0.0586	
38.7	0.304 2.72 0.304	2.66 4.38 2.66	0.0499 1.78 0.0499	
38.8	0.294 2.72 0.294	2.6 4.41 2.6	0.162 1.76 0.162	
38.9	0.284 2.73 0.284	2.55 4.44 2.55	0.275 1.76 0.275	
39	0.274 2.73 0.274	2.49 4.47 2.49	0.389 1.77 0.389	
39.1	0.264 2.73 0.264	2.42 4.5 2.42	0.501 1.79 0.501	
39.2	0.255 2.73 0.255	2.36 4.53 2.36	0.611 1.82 0.611	
39.3	0.248 2.73 0.248	2.3 4.55 2.3	0.715 1.87 0.715	
39.4	0.241 2.72 0.241	2.23 4.58 2.23	0.814 1.93 0.814	
39.5	0.237 2.71 0.237	2.17 4.6 2.17	0.903 2 0.903	
39.6	0.234 2.7 0.234	2.1 4.62 2.1	0.983 2.08 0.983	
39.7	0.234 2.69 0.234	2.03 4.64 2.03	1.05 2.17 1.05	
39.8	0.237 2.68 0.237	1.96 4.66 1.96	1.11 2.27 1.11	
39.9	0.243 2.67 0.243	1.89 4.68 1.89	1.14 2.38 1.14	
40	0.252 2.65 0.252	1.82 4.7 1.82	1.17 2.49 1.17	
40.1	0.265 2.64 0.265	1.75 4.71 1.75	1.17 2.61 1.17	
40.2	0.282 2.62 0.282	1.68 4.73 1.68	1.15 2.73 1.15	
40.3	0.302 2.61 0.302	1.6 4.74 1.6	1.12 2.85 1.12	
40.4	0.326 2.59 0.326	1.53 4.75 1.53	1.07 2.96 1.07	
40.5	0.354 2.58 0.354	1.45 4.76 1.45	0.994 3.06 0.994	
40.6	0.385 2.58 0.385	1.38 4.77 1.38	0.906 3.15 0.906	
40.7	0.418 2.57 0.418	1.3 4.77 1.3	0.804 3.23 0.804	
40.8	0.454 2.57 0.454	1.22 4.78 1.22	0.693 3.29 0.693	
40.9	0.49 2.57 0.49	1.14 4.78 1.14	0.575 3.33 0.575	
41	0.528 2.58 0.528	1.06 4.78 1.06	0.454 3.35 0.454	
41.1	0.565 2.59 0.565	0.984 4.78 0.984	0.336 3.35 0.336	
41.2	0.601 2.6 0.601	0.904 4.77 0.904	0.224 3.33 0.224	
41.3	0.635 2.62 0.635	0.824 4.77 0.824	0.121 3.29 0.121	
41.4	0.668 2.64 0.668	0.743 4.76 0.743	0.0295 3.24 0.0295	
41.5	0.697 2.66 0.697	0.662 4.75 0.662	-0.0479 3.18 -0.0479	
41.6	0.724 2.69 0.724	0.58 4.73 0.58	-0.11 3.11 -0.11	
41.7	0.748 2.72 0.748	0.499 4.72 0.499	-0.156 3.03 -0.156	
41.8	0.769 2.75 0.769	0.418 4.7 0.418	-0.185 2.94 -0.185	
41.9	0.786 2.78 0.786	0.337 4.68 0.337	-0.197 2.85 -0.197	
42	0.801 2.81 0.801	0.257 4.66 0.257	-0.193 2.76 -0.193	
42.1	0.812 2.84 0.812	0.177 4.63 0.177	-0.174 2.67 -0.174	
42.2	0.82 2.87 0.82	0.0976 4.6 0.0976	-0.139 2.59 -0.139	
42.3	0.826 2.9 0.826	0.0193 4.57 0.0193	-0.0906 2.51 -0.0906	
42.4	0.829 2.93 0.829	-0.0579 4.54 -0.0579	-0.0293 2.43 -0.0293	
42.5	0.829 2.96 0.829	-0.134 4.5 -0.134	0.0436 2.37 0.0436	
42.6	0.828 2.99 0.828	-0.208 4.46 -0.208	0.127 2.31 0.127	
42.7	0.824 3.02 0.824	-0.281 4.41 -0.281	0.219 2.26 0.219	
42.8	0.818 3.05 0.818	-0.351 4.37 -0.351	0.32 2.22 0.32	
42.9	0.811 3.07 0.811	-0.419 4.32 -0.419	0.426 2.19 0.426	
43	0.803 3.09 0.803	-0.485 4.27 -0.485	0.537 2.17 0.537	
43.1	0.793 3.11 0.793	-0.547 4.21 -0.547	0.652 2.17 0.652	
43.2	0.782 3.13 0.782	-0.607 4.15 -0.607	0.768 2.18 0.768	
43.3	0.771 3.15 0.771	-0.663 4.09 -0.663	0.884 2.2 0.884	
43.4	0.759 3.17 0.759	-0.715 4.03 -0.715	0.998 2.24 0.998	
43.5	0.748 3.18 0.748	-0.763 3.96 -0.763	1.11 2.29 1.11	
43.6	0.736 3.19 0.736	-0.807 3.89 -0.807	1.21 2.35 1.21	
43.7	0.725 3.2 0.725	-0.846 3.82 -0.846	1.31 2.42 1.31	
43.8	0.715 3.21 0.715	-0.879 3.75 -0.879	1.4 2.51 1.4	
43.9	0.706 3.21 0.706	-0.908 3.68 -0.908	1.48 2.61 1.48	
44	0.698 3.22 0.698	-0.931 3.6 -0.931	1.54 2.72 1.54	
44.1	0.692 3.22 0.692	-0.948 3.52 -0.948	1.59 2.83 1.59	
44.2	0.688 3.22 0.688	-0.959 3.44 -0.959	1.62 2.96 1.62	
44.3	0.686 3.22 0.686	-0.963 3.36 -0.963	1.64 3.08 1.64	
44.4	0.685 3.22 0.685	-0.962 3.28 -0.962	1.64 3.22 1.64	
44.5	0.687 3.22 0.687	-0.954 3.2 -0.954	1.62 3.35 1.62	
44.6	0.691 3.22 0.691	-0.94 3.12 -0.94	1.59 3.47 1.59	
44.7	0.697 3.23 0.697	-0.92 3.04 -0.92	1.54 3.6 1.54	
44.8	0.705 3.23 0.705	-0.894 2.96 -0.894	1.47 3.72 1.47	
44.9	0.714 3.23 0.714	-0.863 2.88 -0.863	1.39 3.82 1.39	
45	0.724 3.24 0.724	-0.825 2.81 -0.825	1.3 3.92 1.3	
45.1	0.735 3.25 0.735	-0.783 2.73 -0.783	1.2 4.01 1.2	
45.2	0.747 3.26 0.747	-0.736 2.66 -0.736	1.09 4.08 1.09	
45.3	0.759 3.27 0.759	-0.684 2.59 -0.684	0.969 4.14 0.969	
45.4	0.771 3.28 0.771	-0.627 2.52 -0.627	0.85 4.19 0.85	
45.5	0.782 3.3 0.782	-0.567 2.45 -0.567	0.728 4.22 0.728	
45.6	0.793 3.32 0.793	-0.503 2.39 -0.503	0.607 4.24 0.607	
45.7	0.802 3.34 0.802	-0.435 2.32 -0.435	0.489 4.24 0.489	
45.8	0.81 3.36 0.81	-0.364 2.27 -0.364	0.375 4.23 0.375	
45.9	0.817 3.39 0.817	-0.291 2.21 -0.291	0.267 4.21 0.267	
46	0.821 3.41 0.821	-0.215 2.16 -0.215	0.167 4.17 0.167	
46.1	0.824 3.44 0.824	-0.137 2.11 -0.137	0.0772 4.12 0.0772	
46.2	0.824 3.47 0.824	-0.0568 2.06 -0.0568	-0.00211 4.06 -0.00211	
46.3	0.821 3.5 0.821	0.0249 2.02 0.0249	-0.0691 3.99 -0.0691	
46.4	0.815 3.54 0.815	0.108 1.98 0.108	-0.123 3.92 -0.123	
46.5	0.807 3.57 0.807	0.192 1.94 0.192	-0.162 3.83 -0.162	
46.6	0.795 3.6 0.795	0.277 1.9 0.277	-0.185 3.75 -0.185	
46.7	0.781 3.63 0.781	0.363 1.87 0.363	-0.193 3.66 -0.193	
46.8	0.763 3.67 0.763	0.449 1.84 0.449	-0.185 3.57 -0.185	
46.9	0.742 3.7 0.742	0.536 1.82 0.536	-0.16 3.48 -0.16	
47	0.718 3.73 0.718	0.622 1.8 0.622	-0.119 3.39 -0.119	
47.1	0.691 3.76 0.691	0.709 1.78 0.709	-0.063 3.31 -0.063	
47.2	0.662 3.78 0.662	0.795 1.76 0.795	0.00759 3.24 0.00759	
47.3	0.63 3.81 0.63	0.881 1.75 0.881	0.0912 3.18 0.0912	
47.4	0.596 3.83 0.596	0.967 1.73 0.967	0.186 3.13 0.186	
47.5	0.561 3.85 0.561	1.05 1.72 1.05	0.289 3.09 0.289	
47.6	0.525 3.86 0.525	1.14 1.72 1.14	0.399 3.07 0.399	
47.7	0.488 3.87 0.488	1.22 1.71 1.22	0.511 3.07 0.511	
47.8	0.451 3.88 0.451	1.3 1.71 1.3	0.623 3.09 0.623	
47.9	0.416 3.88 0.416	1.39 1.71 1.39	0.732 3.12 0.732	
48	0.381 3.88 0.381	1.47 1.71 1.47	0.833 3.17 0.833	
48.1	0.349 3.88 0.349	1.55 1.71 1.55	0.923 3.24 0.923	
48.2	0.32 3.87 0.32	1.63 1.72 1.63	1 3.33 1	
48.3	0.294 3.87 0.294	1.7 1.72 1.7	1.06 3.42 1.06	
48.4	0.271 3.85 0.271	1.78 1.73 1.78	1.11 3.52 1.11	
48.5	0.252 3.84 0.252	1.86 1.74 1.86	1.13 3.64 1.13	
48.6	0.236 3.83 0.236	1.93 1.76 1.93	1.14 3.75 1.14	
48.7	0.224 3.81 0.224	2.01 1.77 2.01	1.13 3.87 1.13	
48.8	0.216 3.8 0.216	2.08 1.79 2.08	1.1 3.98 1.1	
48.9	0.211 3.78 0.211	2.15 1.8 2.15	1.06 4.09 1.06	
49	0.209 3.77 0.209	2.22 1.82 2.22	0.998 4.2 0.998	
49.1	0.21 3.76 0.21	2.29 1.84 2.29	0.925 4.3 0.925	
49.2	0.214 3.75 0.214	2.36 1.86 2.36	0.839 4.38 0.839	
49.3	0.219 3.74 0.219	2.42 1.89 2.42	0.743 4.46 0.743	
49.4	0.226 3.73 0.226	2.49 1.91 2.49	0.639 4.53 0.639	
49.5	0.235 3.73 0.235	2.55 1.93 2.55	0.529 4.58 0.529	
49.6	0.245 3.73 0.245	2.61 1.96 2.61	0.415 4.62 0.415	
49.7	0.255 3.73 0.255	2.67 1.99 2.67	0.298 4.65 0.298	
49.8	0.266 3.73 0.266	2.73 2.02 2.73	0.181 4.66 0.181	
49.9	0.277 3.73 0.277	2.79 2.04 2.79	0.0655 4.66 0.0655	
50	0.287 3.74 0.287	2.85 2.07 2.85	-0.0471 4.65 -0.0471	
50.1	0.297 3.75 0.297	2.9 2.11 2.9	-0.155 4.62 -0.155	
50.2	0.306 3.76 0.306	2.96 2.14 2.96	-0.256 4.59 -0.256	
50.3	0.313 3.77 0.313	3.01 2.17 3.01	-0.35 4.54 -0.35	
50.4	0.32 3.79 0.32	3.06 2.2 3.06	-0.433 4.48 -0.433	
50.5	0.324 3.8 0.324	3.11 2.24 3.11	-0.506 4.4 -0.506	
50.6	0.326 3.82 0.326	3.16 2.27 3.16	-0.567 4.33 -0.567	
50.7	0.326 3.84 0.326	3.21 2.31 3.21	-0.614 4.24 -0.614	
50.8	0.324 3.86 0.324	3.26 2.34 3.26	-0.647 4.14 -0.647	
50.9	0.318 3.88 0.318	3.3 2.38 3.3	-0.665 4.05 -0.665	
51	0.311 3.91 0.311	3.34 2.42 3.34	-0.667 3.95 -0.667	
51.1	0.3 3.93 0.3	3.39 2.46 3.39	-0.653 3.85 -0.653	
51.2	0.287 3.95 0.287	3.43 2.5 3.43	-0.624 3.75 -0.624	
51.3	0.271 3.97 0.271	3.47 2.54 3.47	-0.578 3.65 -0.578	
51.4	0.252 3.99 0.252	3.5 2.58 3.5	-0.517 3.56 -0.517	
51.5	0.231 4.01 0.231	3.54 2.62 3.54	-0.442 3.48 -0.442	
51.6	0.208 4.02 0.208	3.58 2.66 3.58	-0.353 3.41 -0.353	
51.7	0.183 4.04 0.183	3.61 2.7 3.61	-0.254 3.34 -0.254	
51.8	0.157 4.05 0.157	3.64 2.74 3.64	-0.146 3.3 -0.146	
51.9	0.129 4.06 0.129	3.68 2.78 3.68	-0.0313 3.27 -0.0313	
52	0.101 4.06 0.101	3.71 2.83 3.71	0.0869 3.25 0.0869	
52.1	0.0736 4.06 0.0736	3.74 2.87 3.74	0.206 3.26 0.206	
52.2	0.0465 4.06 0.0465	3.76 2.91 3.76	0.322 3.28 0.322	
52.3	0.0208 4.05 0.0208	3.79 2.96 3.79	0.432 3.31 0.432	
52.4	-0.00296 4.05 -0.00296	3.82 3 3.82	0.533 3.37 0.533	
52.5	-0.0243 4.03 -0.0243	3.84 3.05 3.84	0.623 3.44 0.623	
52.6	-0.0428 4.02 -0.0428	3.86 3.09 3.86	0.699 3.52 0.699	
52.7	-0.0581 4 -0.0581	3.89 3.14 3.89	0.758 3.61 0.758	
52.8	-0.07 3.99 -0.07	3.91 3.18 3.91	0.801 3.71 0.801	
52.9	-0.0782 3.97 -0.0782	3.93 3.23 3.93	0.825 3.82 0.825	
53	-0.0828 3.95 -0.0828	3.94 3.27 3.94	0.832 3.93 0.832	
53.1	-0.0838 3.93 -0.0838	3.96 3.32 3.96	0.82 4.04 0.82	
53.2	-0.0814 3.91 -0.0814	3.98 3.37 3.98	0.792 4.15 0.792	
53.3	-0.0759 3.89 -0.0759	3.99 3.41 3.99	0.748 4.26 0.748	
53.4	-0.0673 3.88 -0.0673	4 3.46 4	0.689 4.35 0.689	
53.5	-0.0562 3.86 -0.0562	4.02 3.51 4.02	0.618 4.44 0.618	
53.6	-0.0428 3.85 -0.0428	4.03 3.55 4.03	0.535 4.52 0.535	
53.7	-0.0274 3.83 -0.0274	4.04 3.6 4.04	0.444 4.59 0.444	
53.8	-0.0105 3.82 -0.0105	4.04 3.65 4.04	0.345 4.65 0.345	
53.9	0.00761 3.82 0.00761	4.05 3.7 4.05	0.241 4.69 0.241	
54	0.0266 3.81 0.0266	4.06 3.74 4.06	0.134 4.72 0.134	
54.1	0.046 3.81 0.046	4.06 3.79 4.06	0.0251 4.74 0.0251	
54.2	0.0655 3.81 0.0655	4.07 3.84 4.07	-0.0831 4.74 -0.0831	
54.3	0.0849 3.81 0.0849	4.07 3.89 4.07	-0.189 4.73 -0.189	
54.4	0.104 3.82 0.104	4.07 3.93 4.07	-0.291 4.71 -0.291	
54.5	0.122 3.83 0.122	4.07 3.98 4.07	-0.387 4.68 -0.387	
54.6	0.138 3.84 0.138	4.07 4.03 4.07	-0.476 4.63 -0.476	
54.7	0.154 3.85 0.154	4.07 4.08 4.07	-0.556 4.57 -0.556	
54.8	0.167 3.86 0.167	4.07 4.12 4.07	-0.626 4.51 -0.626	
54.9	0.179 3.88 0.179	4.06 4.17 4.06	-0.684 4.43 -0.684	
55	0.189 3.9 0.189	4.06 4.22 4.06	-0.73 4.34 -0.73	
55.1	0.196 3.91 0.196	4.05 4.27 4.05	-0.761 4.25 -0.761	
55.2	0.2 3.93 0.2	4.04 4.31 4.04	-0.778 4.15 -0.778	
55.3	0.202 3.95 0.202	4.03 4.36 4.03	-0.779 4.05 -0.779	
55.4	0.201 3.97 0.201	4.02 4.41 4.02	-0.765 3.95 -0.765	
55.5	0.198 3.99 0.198	4.01 4.45 4.01	-0.734 3.85 -0.734	
55.6	0.191 4.01 0.191	4 4.5 4	-0.687 3.75 -0.687	
55.7	0.182 4.03 0.182	3.99 4.55 3.99	-0.625 3.65 -0.625	
55.8	0.17 4.05 0.17	3.97 4.59 3.97	-0.548 3.57 -0.548	
55.9	0.156 4.07 0.156	3.96 4.64 3.96	-0.457 3.49 -0.457	
56	0.14 4.08 0.14	3.94 4.68 3.94	-0.354 3.42 -0.354	
56.1	0.122 4.09 0.122	3.93 4.73 3.93	-0.241 3.37 -0.241	
56.2	0.103 4.1 0.103	3.91 4.78 3.91	-0.121 3.33 -0.121	
56.3	0.0829 4.11 0.0829	3.89 4.82 3.89	0.00427 3.3 0.00427	
56.4	0.063 4.11 0.063	3.87 4.87 3.87	0.131 3.3 0.131	
56.5	0.0435 4.11 0.0435	3.84 4.91 3.84	0.257 3.31 0.257	
56.6	0.0251 4.1 0.0251	3.82 4.96 3.82	0.378 3.34 0.378	
56.7	0.0083 4.1 0.0083	3.8 5 3.8	0.492 3.39 0.492	
56.8	-0.00633 4.09 -0.00633	3.77 5.04 3.77	0.595 3.45 0.595	
56.9	-0.0183 4.08 -0.0183	3.75 5.09 3.75	0.685 3.52 0.685	
57	-0.0273 4.06 -0.0273	3.72 5.13 3.72	0.76 3.61 0.76	
57.1	-0.0329 4.04 -0.0329	3.69 5.18 3.69	0.818 3.71 0.818	
57.2	-0.0351 4.03 -0.0351	3.66 5.22 3.66	0.859 3.82 0.859	
57.3	-0.0337 4.01 -0.0337	3.63 5.26 3.63	0.882 3.93 0.882	
57.4	-0.0287 3.99 -0.0287	3.6 5.3 3.6	0.887 4.04 0.887	
57.5	-0.0202 3.97 -0.0202	3.57 5.34 3.57	0.874 4.15 0.874	
57.6	-0.00848 3.95 -0.00848	3.53 5.38 3.53	0.845 4.26 0.845	
57.7	0.00632 3.94 0.00632	3.5 5.43 3.5	0.801 4.36 0.801	
57.8	0.0239 3.92 0.0239	3.46 5.47 3.46	0.743 4.45 0.743	
57.9	0.0439 3.91 0.0439	3.43 5.51 3.43	0.673 4.54 0.673	
58	0.0659 3.9 0.0659	3.39 5.54 3.39	0.593 4.61 0.593	
58.1	0.0898 3.89 0.0898	3.35 5.58 3.35	0.505 4.68 0.505	
58.2	0.115 3.88 0.115	3.31 5.62 3.31	0.41 4.73 0.41	
58.3	0.141 3.87 0.141	3.27 5.66 3.27	0.311 4.77 0.311	
58.4	0.168 3.87 0.168	3.23 5.7 3.23	0.21 4.8 0.21	
58.5	0.195 3.87 0.195	3.18 5.73 3.18	0.109 4.81 0.109	
58.6	0.222 3.88 0.222	3.14 5.77 3.14	0.00841 4.81 0.00841	
58.7	0.249 3.88 0.249	3.1 5.81 3.1	-0.0886 4.79 -0.0886	
58.8	0.274 3.89 0.274	3.05 5.84 3.05	-0.181 4.77 -0.181	
58.9	0.299 3.9 0.299	3 5.88 3	-0.266 4.73 -0.266	
59	0.323 3.92 0.323	2.96 5.91 2.96	-0.343 4.68 -0.343	
59.1	0.345 3.93 0.345	2.91 5.94 2.91	-0.411 4.61 -0.411	
59.2	0.364 3.95 0.364	2.86 5.97 2.86	-0.467 4.54 -0.467	
59.3	0.382 3.97 0.382	2.81 6.01 2.81	-0.511 4.46 -0.511	
59.4	0.398 3.99 0.398	2.75 6.04 2.75	-0.542 4.37 -0.542	
59.5	0.411 4.01 0.411	2.7 6.07 2.7	-0.558 4.28 -0.558	
59.6	0.421 4.03 0.421	2.65 6.1 2.65	-0.559 4.18 -0.559	
59.7	0.428 4.06 0.428	2.59 6.12 2.59	-0.544 4.08 -0.544	
59.8	0.433 4.08 0.433	2.54 6.15 2.54	-0.513 3.98 -0.513	
59.9	0.435 4.1 0.435	2.48 6.18 2.48	-0.465 3.88 -0.465	
60	0.433 4.13 0.433	2.42 6.2 2.42	-0.402 3.79 -0.402	
60.1	0.43 4.15 0.43	2.37 6.23 2.37	-0.324 3.7 -0.324	
60.2	0.423 4.17 0.423	2.31 6.25 2.31	-0.231 3.62 -0.231	
60.3	0.415 4.19 0.415	2.25 6.28 2.25	-0.125 3.55 -0.125	
60.4	0.404 4.2 0.404	2.19 6.3 2.19	-0.00887 3.5 -0.00887	
60.5	0.393 4.22 0.393	2.12 6.32 2.12	0.116 3.46 0.116	
60.6	0.38 4.23 0.38	2.06 6.34 2.06	0.247 3.43 0.247	
60.7	0.367 4.24 0.367	2 6.36 2	0.381 3.42 0.381	
60.8	0.354 4.24 0.354	1.93 6.37 1.93	0.514 3.43 0.514	
60.9	0.342 4.24 0.342	1.87 6.39 1.87	0.644 3.46 0.644	
61	0.331 4.24 0.331	1.8 6.41 1.8	0.768 3.5 0.768	
61.1	0.322 4.24 0.322	1.73 6.42 1.73	0.882 3.56 0.882	
61.2	0.315 4.23 0.315	1.67 6.43 1.67	0.984 3.64 0.984	
61.3	0.312 4.22 0.312	1.6 6.44 1.6	1.07 3.73 1.07	
61.4	0.311 4.21 0.311	1.53 6.45 1.53	1.14 3.83 1.14	
61.5	0.314 4.2 0.314	1.46 6.46 1.46	1.2 3.94 1.2	
61.6	0.321 4.19 0.321	1.39 6.47 1.39	1.23 4.05 1.23	
61.7	0.33 4.18 0.33	1.32 6.47 1.32	1.25 4.17 1.25	
61.8	0.344 4.16 0.344	1.25 6.48 1.25	1.25 4.28 1.25	
61.9	0.36 4.15 0.36	1.18 6.48 1.18	1.24 4.4 1.24	
62	0.38 4.14 0.38	1.1 6.48 1.1	1.21 4.51 1.21	
62.1	0.402 4.13 0.402	1.03 6.48 1.03	1.16 4.61 1.16	
62.2	0.427 4.12 0.427	0.957 6.48 0.957	1.1 4.71 1.1	
62.3	0.454 4.12 0.454	0.884 6.47 0.884	1.03 4.8 1.03	
62.4	0.483 4.11 0.483	0.81 6.47 0.81	0.948 4.87 0.948	
62.5	0.513 4.11 0.513	0.736 6.46 0.736	0.861 4.94 0.861	
62.6	0.544 4.12 0.544	0.662 6.45 0.662	0.768 4.99 0.768	
62.7	0.576 4.12 0.576	0.588 6.44 0.588	0.671 5.03 0.671	
62.8	0.609 4.13 0.609	0.513 6.42 0.513	0.573 5.05 0.573	
62.9	0.641 4.14 0.641	0.439 6.41 0.439	0.476 5.07 0.476	
63	0.673 4.15 0.673	0.365 6.39 0.365	0.381 5.06 0.381	
63.1	0.703 4.17 0.703	0.292 6.37 0.292	0.291 5.05 0.291	
63.2	0.733 4.19 0.733	0.218 6.35 0.218	0.206 5.02 0.206	
63.3	0.761 4.21 0.761	0.145 6.32 0.145	0.129 4.98 0.129	
63.4	0.787 4.23 0.787	0.0732 6.29 0.0732	0.0618 4.93 0.0618	
63.5	0.811 4.26 0.811	0.00159 6.26 0.00159	0.00527 4.87 0.00527	
63.6	0.833 4.29 0.833	-0.0692 6.23 -0.0692	-0.0391 4.81 -0.0391	
63.7	0.852 4.32 0.852	-0.139 6.2 -0.139	-0.0702 4.73 -0.0702	
63.8	0.868 4.35 0.868	-0.208 6.16 -0.208	-0.0869 4.65 -0.0869	
63.9	0.881 4.39 0.881	-0.275 6.12 -0.275	-0.0885 4.56 -0.0885	
64	0.89 4.42 0.89	-0.341 6.07 -0.341	-0.0744 4.47 -0.0744	
64.1	0.897 4.46 0.897	-0.405 6.03 -0.405	-0.0444 4.39 -0.0444	
64.2	0.9 4.49 0.9	-0.467 5.98 -0.467	0.00148 4.3 0.00148	
64.3	0.9 4.53 0.9	-0.528 5.93 -0.528	0.063 4.22 0.063	
64.4	0.896 4.56 0.896	-0.585 5.87 -0.585	0.139 4.14 0.139	
64.5	0.89 4.6 0.89	-0.64 5.81 -0.64	0.23 4.08 0.23	
64.6	0.88 4.63 0.88	-0.693 5.75 -0.693	0.332 4.02 0.332	
64.7	0.868 4.66 0.868	-0.742 5.69 -0.742	0.446 3.98 0.446	
64.8	0.854 4.69 0.854	-0.787 5.62 -0.787	0.568 3.95 0.568	
64.9	0.838 4.71 0.838	-0.829 5.56 -0.829	0.695 3.94 0.695	
65	0.82 4.73 0.82	-0.867 5.49 -0.867	0.825 3.94 0.825	
65.1	0.802 4.75 0.802	-0.9 5.41 -0.9	0.955 3.97 0.955	
65.2	0.784 4.77 0.784	-0.929 5.34 -0.929	1.08 4.01 1.08	
65.3	0.766 4.78 0.766	-0.953 5.26 -0.953	1.2 4.07 1.2	
65.4	0.75 4.79 0.75	-0.972 5.18 -0.972	1.31 4.15 1.31	
65.5	0.735 4.8 0.735	-0.986 5.11 -0.986	1.4 4.24 1.4	
65.6	0.722 4.8 0.722	-0.994 5.03 -0.994	1.48 4.35 1.48	
65.7	0.711 4.81 0.711	-0.996 4.94 -0.996	1.54 4.47 1.54	
65.8	0.703 4.81 0.703	-0.992 4.86 -0.992	1.58 4.6 1.58	
65.9	0.697 4.81 0.697	-0.982 4.78 -0.982	1.6 4.73 1.6	
66	0.694 4.81 0.694	-0.967 4.7 -0.967	1.6 4.86 1.6	
66.1	0.693 4.81 0.693	-0.946 4.62 -0.946	1.58 4.99 1.58	
66.2	0.694 4.81 0.694	-0.919 4.54 -0.919	1.55 5.12 1.55	
66.3	0.697 4.81 0.697	-0.887 4.46 -0.887	1.5 5.24 1.5	
66.4	0.702 4.81 0.702	-0.849 4.38 -0.849	1.44 5.35 1.44	
66.5	0.708 4.82 0.708	-0.806 4.3 -0.806	1.36 5.46 1.36	
66.6	0.715 4.83 0.715	-0.759 4.23 -0.759	1.28 5.56 1.28	
66.7	0.722 4.83 0.722	-0.707 4.15 -0.707	1.19 5.65 1.19	
66.8	0.73 4.84 0.73	-0.651 4.08 -0.651	1.09 5.72 1.09	
66.9	0.738 4.85 0.738	-0.591 4.01 -0.591	0.987 5.79 0.987	
67	0.746 4.87 0.746	-0.527 3.95 -0.527	0.881 5.84 0.881	
67.1	0.754 4.88 0.754	-0.46 3.88 -0.46	0.772 5.88 0.772	
67.2	0.761 4.9 0.761	-0.39 3.82 -0.39	0.663 5.91 0.663	
67.3	0.768 4.91 0.768	-0.317 3.77 -0.317	0.555 5.93 0.555	
67.4	0.774 4.93 0.774	-0.241 3.71 -0.241	0.449 5.93 0.449	
67.5	0.778 4.95 0.778	-0.164 3.66 -0.164	0.346 5.92 0.346	
67.6	0.782 4.98 0.782	-0.0841 3.61 -0.0841	0.249 5.91 0.249	
67.7	0.784 5 0.784	-0.00291 3.56 -0.00291	0.157 5.88 0.157	
67.8	0.784 5.03 0.784	0.0798 3.52 0.0798	0.0728 5.84 0.0728	
67.9	0.782 5.05 0.782	0.164 3.48 0.164	-0.00268 5.79 -0.00268	
68	0.779 5.08 0.779	0.249 3.44 0.249	-0.0683 5.73 -0.0683	
68.1	0.773 5.11 0.773	0.334 3.4 0.334	-0.123 5.66 -0.123	
68.2	0.765 5.14 0.765	0.42 3.37 0.42	-0.165 5.58 -0.165	
68.3	0.754 5.17 0.754	0.507 3.34 0.507	-0.193 5.5 -0.193	
68.4	0.74 5.2 0.74	0.594 3.32 0.594	-0.206 5.41 -0.206	
68.5	0.723 5.24 0.723	0.681 3.3 0.681	-0.203 5.31 -0.203	
68.6	0.703 5.27 0.703	0.768 3.28 0.768	-0.183 5.22 -0.183	
68.7	0.68 5.3 0.68	0.854 3.26 0.854	-0.145 5.13 -0.145	
68.8	0.653 5.33 0.653	0.941 3.24 0.941	-0.0894 5.04 -0.0894	
68.9	0.623 5.36 0.623	1.03 3.23 1.03	-0.0159 4.95 -0.0159	
69	0.59 5.38 0.59	1.11 3.22 1.11	0.0744 4.88 0.0744	
69.1	0.555 5.4 0.555	1.2 3.21 1.2	0.179 4.82 0.179	
69.2	0.517 5.42 0.517	1.28 3.2 1.28	0.296 4.78 0.296	
69.3	0.478 5.44 0.478	1.36 3.2 1.36	0.42 4.76 0.42	
69.4	0.439 5.45 0.439	1.45 3.2 1.45	0.546 4.76 0.546	
69.5	0.401 5.45 0.401	1.53 3.2 1.53	0.669 4.79 0.669	
69.6	0.365 5.45 0.365	1.61 3.2 1.61	0.782 4.84 0.782	
69.7	0.331 5.45 0.331	1.69 3.21 1.69	0.881 4.91 0.881	
69.8	0.301 5.44 0.301	1.76 3.21 1.76	0.962 5 0.962	
69.9	0.276 5.43 0.276	1.84 3.22 1.84	1.02 5.1 1.02	
70	0.254 5.42 0.254	1.92 3.23 1.92	1.06 5.21 1.06	
70.1	0.237 5.4 0.237	1.99 3.24 1.99	1.08 5.33 1.08	
70.2	0.223 5.39 0.223	2.07 3.25 2.07	1.08 5.44 1.08	
70.3	0.214 5.38 0.214	2.14 3.27 2.14	1.05 5.56 1.05	
70.4	0.208 5.36 0.208	2.21 3.28 2.21	1.02 5.67 1.02	
70.5	0.204 5.35 0.204	2.28 3.3 2.28	0.964 5.78 0.964	
70.6	0.204 5.34 0.204	2.35 3.32 2.35	0.899 5.88 0.899	
70.7	0.205 5.33 0.205	2.42 3.34 2.42	0.823 5.97 0.823	
70.8	0.209 5.32 0.209	2.48 3.36 2.48	0.738 6.05 0.738	
70.9	0.214 5.31 0.214	2.55 3.38 2.55	0.646 6.12 0.646	
71	0.22 5.3 0.22	2.61 3.4 2.61	0.548 6.18 0.548	
71.1	0.227 5.3 0.227	2.68 3.43 2.68	0.447 6.23 0.447	
71.2	0.235 5.3 0.235	2.74 3.45 2.74	0.343 6.27 0.343	
71.3	0.243 5.3 0.243	2.8 3.48 2.8	0.238 6.29 0.238	
71.4	0.252 5.3 0.252	2.86 3.5 2.86	0.133 6.31 0.133	
71.5	0.261 5.3 0.261	2.91 3.53 2.91	0.0293 6.31 0.0293	
71.6	0.269 5.31 0.269	2.97 3.56 2.97	-0.0715 6.3 -0.0715	
71.7	0.277 5.32 0.277	3.03 3.59 3.03	-0.168 6.28 -0.168	
71.8	0.284 5.33 0.284	3.08 3.62 3.08	-0.26 6.25 -0.26	
71.9	0.29 5.34 0.29	3.13 3.65 3.13	-0.345 6.21 -0.345	
72	0.295 5.35 0.295	3.18 3.68 3.18	-0.423 6.16 -0.423	
72.1	0.298 5.37 0.298	3.23 3.72 3.23	-0.492 6.1 -0.492	
72.2	0.3 5.39 0.3	3.28 3.75 3.28	-0.55 6.03 -0.55	
72.3	0.3 5.41 0.3	3.33 3.79 3.33	-0.598 5.95 -0.598	
72.4	0.298 5.43 0.298	3.38 3.82 3.38	-0.633 5.86 -0.633	
72.5	0.293 5.45 0.293	3.42 3.86 3.42	-0.654 5.77 -0.654	
72.6	0.286 5.47 0.286	3.47 3.89 3.47	-0.66 5.67 -0.66	
72.7	0.276 5.49 0.276	3.51 3.93 3.51	-0.65 5.57 -0.65	
72.8	0.263 5.51 0.263	3.55 3.97 3.55	-0.623 5.46 -0.623	
72.9	0.248 5.53 0.248	3.59 4 3.59	-0.579 5.36 -0.579	
73	0.229 5.56 0.229	3.63 4.04 3.63	-0.516 5.26 -0.516	
73.1	0.207 5.58 0.207	3.67 4.08 3.67	-0.437 5.17 -0.437	
73.2	0.182 5.59 0.182	3.71 4.12 3.71	-0.341 5.09 -0.341	
73.3	0.154 5.61 0.154	3.74 4.16 3.74	-0.231 5.02 -0.231	
73.4	0.125 5.62 0.125	3.78 4.2 3.78	-0.109 4.97 -0.109	
73.5	0.0947 5.63 0.0947	3.81 4.24 3.81	0.0197 4.94 0.0197	
73.6	0.064 5.63 0.064	3.84 4.28 3.84	0.151 4.93 0.151	
73.7	0.034 5.63 0.034	3.87 4.33 3.87	0.28 4.95 0.28	
73.8	0.00574 5.63 0.00574	3.9 4.37 3.9	0.401 4.98 0.401	
73.9	-0.0199 5.62 -0.0199	3.93 4.41 3.93	0.509 5.04 0.509	
74	-0.0423 5.61 -0.0423	3.96 4.45 3.96	0.601 5.12 0.601	
74.1	-0.0608 5.59 -0.0608	3.98 4.49 3.98	0.673 5.21 0.673	
74.2	-0.0753 5.57 -0.0753	4.01 4.54 4.01	0.725 5.31 0.725	
74.3	-0.0858 5.55 -0.0858	4.03 4.58 4.03	0.757 5.42 0.757	
74.4	-0.0923 5.54 -0.0923	4.06 4.62 4.06	0.768 5.53 0.768	
74.5	-0.095 5.52 -0.095	4.08 4.67 4.08	0.761 5.65 0.761	
74.6	-0.0943 5.5 -0.0943	4.1 4.71 4.1	0.737 5.76 0.737	
74.7	-0.0906 5.48 -0.0906	4.12 4.76 4.12	0.697 5.86 0.697	
74.8	-0.0841 5.46 -0.0841	4.14 4.8 4.14	0.644 5.96 0.644	
74.9	-0.0753 5.45 -0.0753	4.16 4.85 4.16	0.579 6.05 0.579	
75	-0.0645 5.43 -0.0645	4.17 4.89 4.17	0.505 6.13 0.505	
75.1	-0.052 5.42 -0.052	4.19 4.94 4.19	0.423 6.2 0.423	
75.2	-0.0381 5.41 -0.0381	4.2 4.98 4.2	0.334 6.26 0.334	
75.3	-0.0232 5.4 -0.0232	4.22 5.03 4.22	0.242 6.31 0.242	
75.4	-0.00757 5.4 -0.00757	4.23 5.07 4.23	0.146 6.35 0.146	
75.5	0.00861 5.39 0.00861	4.24 5.12 4.24	0.0479 6.38 0.0479	
75.6	0.025 5.39 0.025	4.25 5.17 4.25	-0.0501 6.39 -0.0501	
75.7	0.0415 5.39 0.0415	4.26 5.21 4.26	-0.147 6.4 -0.147	
75.8	0.0577 5.4 0.0577	4.27 5.26 4.27	-0.242 6.39 -0.242	
75.9	0.0734 5.4 0.0734	4.27 5.3 4.27	-0.333 6.37 -0.333	
76	0.0884 5.41 0.0884	4.28 5.35 4.28	-0.419 6.34 -0.419	
76.1	0.103 5.42 0.103	4.29 5.4 4.29	-0.5 6.3 -0.5	
76.2	0.115 5.43 0.115	4.29 5.44 4.29	-0.573 6.25 -0.573	
76.3	0.127 5.44 0.127	4.29 5.49 4.29	-0.638 6.19 -0.638	
76.4	0.137 5.46 0.137	4.3 5.53 4.3	-0.693 6.12 -0.693	
76.5	0.145 5.47 0.145	4.3 5.58 4.3	-0.737 6.04 -0.737	
76.6	0.151 5.49 0.151	4.3 5.63 4.3	-0.768 5.95 -0.768	
76.7	0.154 5.51 0.154	4.3 5.67 4.3	-0.786 5.86 -0.786	
76.8	0.155 5.53 0.155	4.3 5.72 4.3	-0.79 5.76 -0.79	
76.9	0.153 5.55 0.153	4.29 5.76 4.29	-0.777 5.66 -0.777	
77	0.149 5.57 0.149	4.29 5.81 4.29	-0.748 5.55 -0.748	
77.1	0.141 5.59 0.141	4.28 5.86 4.28	-0.701 5.45 -0.701	
77.2	0.13 5.61 0.13	4.28 5.9 4.28	-0.636 5.35 -0.636	
77.3	0.115 5.63 0.115	4.27 5.95 4.27	-0.554 5.25 -0.554	
77.4	0.0982 5.65 0.0982	4.26 5.99 4.26	-0.455 5.17 -0.455	
77.5	0.0784 5.66 0.0784	4.26 6.04 4.26	-0.341 5.09 -0.341	
77.6	0.0566 5.68 0.0566	4.25 6.09 4.25	-0.215 5.04 -0.215	
77.7	0.0333 5.68 0.0333	4.24 6.13 4.24	-0.0803 5 -0.0803	
77.8	0.00955 5.69 0.00955	4.22 6.18 4.22	0.0579 4.98 0.0579	
77.9	-0.0138 5.69 -0.0138	4.21 6.22 4.21	0.195 4.99 0.195	
78	-0.0357 5.68 -0.0357	4.2 6.27 4.2	0.325 5.02 0.325	
78.1	-0.0553 5.68 -0.0553	4.18 6.31 4.18	0.443 5.07 0.443	
78.2	-0.0717 5.66 -0.0717	4.17 6.36 4.17	0.546 5.15 0.546	
78.3	-0.0846 5.65 -0.0846	4.15 6.4 4.15	0.631 5.23 0.631	
78.4	-0.0936 5.63 -0.0936	4.14 6.45 4.14	0.696 5.33 0.696	
78.5	-0.0986 5.61 -0.0986	4.12 6.49 4.12	0.74 5.44 0.74	
78.6	-0.0996 5.59 -0.0996	4.1 6.53 4.1	0.764 5.55 0.764	
78.7	-0.0969 5.58 -0.0969	4.08 6.58 4.08	0.769 5.66 0.769	
78.8	-0.0907 5.56 -0.0907	4.06 6.62 4.06	0.757 5.77 0.757	
78.9	-0.0814 5.54 -0.0814	4.04 6.66 4.04	0.729 5.88 0.729	
79	-0.0693 5.52 -0.0693	4.02 6.71 4.02	0.687 5.98 0.687	
79.1	-0.0547 5.51 -0.0547	3.99 6.75 3.99	0.632 6.07 0.632	
79.2	-0.0381 5.49 -0.0381	3.97 6.79 3.97	0.568 6.16 0.568	
79.3	-0.0196 5.48 -0.0196	3.94 6.83 3.94	0.494 6.23 0.494	
79.4	0.000231 5.47 0.000231	3.92 6.88 3.92	0.414 6.3 0.414	
79.5	0.0212 5.46 0.0212	3.89 6.92 3.89	0.329 6.35 0.329	
79.6	0.0431 5.46 0.0431	3.86 6.96 3.86	0.24 6.4 0.24	
79.7	0.0656 5.45 0.0656	3.83 7 3.83	0.149 6.43 0.149	
79.8	0.0883 5.45 0.0883	3.8 7.04 3.8	0.0573 6.45 0.0573	
79.9	0.111 5.45 0.111	3.77 7.08 3.77	-0.0342 6.46 -0.0342	
80	0.134 5.45 0.134	3.74 7.12 3.74	-0.124 6.45 -0.124	
80.1	0.156 5.46 0.156	3.71 7.16 3.71	-0.21 6.44 -0.21	
80.2	0.178 5.47 0.178	3.68 7.2 3.68	-0.293 6.42 -0.293	
80.3	0.198 5.48 0.198	3.64 7.24 3.64	-0.369 6.38 -0.369	
80.4	0.218 5.49 0.218	3.61 7.28 3.61	-0.439 6.33 -0.439	
80.5	0.236 5.5 0.236	3.57 7.32 3.57	-0.501 6.28 -0.501	
80.6	0.253 5.52 0.253	3.54 7.35 3.54	-0.553 6.21 -0.553	
80.7	0.268 5.53 0.268	3.5 7.39 3.5	-0.595 6.13 -0.595	
80.8	0.28 5.55 0.28	3.46 7.43 3.46	-0.625 6.05 -0.625	
80.9	0.291 5.57 0.291	3.42 7.47 3.42	-0.641 5.96 -0.641	
81	0.299 5.59 0.299	3.38 7.5 3.38	-0.643 5.86 -0.643	
81.1	0.304 5.62 0.304	3.34 7.54 3.34	-0.629 5.76 -0.629	
81.2	0.306 5.64 0.306	3.3 7.57 3.3	-0.599 5.66 -0.599	
81.3	0.305 5.66 0.305	3.26 7.61 3.26	-0.551 5.55 -0.551	
81.4	0.3 5.69 0.3	3.22 7.64 3.22	-0.485 5.45 -0.485	
81.5	0.293 5.71 0.293	3.17 7.67 3.17	-0.402 5.36 -0.402	
81.6	0.282 5.73 0.282	3.13 7.71 3.13	-0.301 5.27 -0.301	
81.7	0.269 5.75 0.269	3.08 7.74 3.08	-0.184 5.19 -0.184	
81.8	0.254 5.76 0.254	3.04 7.77 3.04	-0.0551 5.13 -0.0551	
81.9	0.236 5.77 0.236	2.99 7.8 2.99	0.0836 5.09 0.0836	
82	0.218 5.78 0.218	2.94 7.83 2.94	0.227 5.08 0.227	
82.1	0.201 5.78 0.201	2.89 7.86 2.89	0.371 5.08 0.371	
82.2	0.184 5.78 0.184	2.84 7.89 2.84	0.509 5.11 0.509	
82.3	0.17 5.78 0.17	2.79 7.92 2.79	0.636 5.16 0.636	
82.4	0.158 5.77 0.158	2.74 7.95 2.74	0.749 5.23 0.749	
82.5	0.15 5.76 0.15	2.69 7.97 2.69	0.845 5.31 0.845	
82.6	0.146 5.75 0.146	2.64 8 2.64	0.921 5.41 0.921	
82.7	0.145 5.73 0.145	2.58 8.02 2.58	0.976 5.52 0.976	
82.8	0.149 5.72 0.149	2.53 8.05 2.53	1.01 5.63 1.01	
82.9	0.156 5.7 0.156	2.47 8.07 2.47	1.03 5.75 1.03	
83	0.166 5.68 0.166	2.42 8.1 2.42	1.03 5.86 1.03	
83.1	0.18 5.67 0.18	2.36 8.12 2.36	1.01 5.97 1.01	
83.2	0.197 5.65 0.197	2.3 8.14 2.3	0.977 6.08 0.977	
83.3	0.216 5.64 0.216	2.25 8.16 2.25	0.932 6.18 0.932	
83.4	0.238 5.63 0.238	2.19 8.18 2.19	0.876 6.27 0.876	
83.5	0.261 5.62 0.261	2.13 8.2 2.13	0.811 6.35 0.811	
83.6	0.286 5.62 0.286	2.07 8.22 2.07	0.738 6.42 0.738	
83.7	0.312 5.61 0.312	2.01 8.23 2.01	0.66 6.48 0.66	
83.8	0.339 5.61 0.339	1.95 8.25 1.95	0.577 6.53 0.577	
83.9	0.367 5.61 0.367	1.89 8.27 1.89	0.492 6.57 0.492	
84	0.395 5.61 0.395	1.82 8.28 1.82	0.405 6.6 0.405	
84.1	0.423 5.61 0.423	1.76 8.29 1.76	0.318 6.62 0.318	
84.2	0.451 5.62 0.451	1.7 8.3 1.7	0.233 6.63 0.233	
84.3	0.478 5.63 0.478	1.63 8.32 1.63	0.15 6.62 0.15	
84.4	0.505 5.64 0.505	1.57 8.32 1.57	0.0707 6.6 0.0707	
84.5	0.531 5.66 0.531	1.5 8.33 1.5	-0.00305 6.57 -0.00305	
84.6	0.556 5.67 0.556	1.44 8.34 1.44	-0.0703 6.54 -0.0703	
84.7	0.58 5.69 0.58	1.37 8.35 1.37	-0.13 6.49 -0.13	
84.8	0.602 5.71 0.602	1.3 8.35 1.3	-0.18 6.43 -0.18	
84.9	0.622 5.73 0.622	1.24 8.35 1.24	-0.22 6.36 -0.22	
85	0.64 5.76 0.64	1.17 8.36 1.17	-0.249 6.28 -0.249	
85.1	0.656 5.78 0.656	1.1 8.36 1.1	-0.264 6.2 -0.264	
85.2	0.669 5.81 0.669	1.03 8.36 1.03	-0.265 6.11 -0.265	
85.3	0.679 5.84 0.679	0.963 8.35 0.963	-0.25 6.01 -0.25	
85.4	0.686 5.87 0.686	0.894 8.35 0.894	-0.219 5.91 -0.219	
85.5	0.69 5.9 0.69	0.825 8.34 0.825	-0.17 5.82 -0.17	
85.6	0.69 5.92 0.69	0.756 8.34 0.756	-0.103 5.72 -0.103	
85.7	0.687 5.95 0.687	0.686 8.33 0.686	-0.0187 5.63 -0.0187	
85.8	0.681 5.98 0.681	0.617 8.32 0.617	0.0836 5.54 0.0836	
85.9	0.672 6.01 0.672	0.547 8.3 0.547	0.202 5.47 0.202	
86	0.66 6.03 0.66	0.478 8.29 0.478	0.334 5.42 0.334	
86.1	0.647 6.05 0.647	0.408 8.27 0.408	0.475 5.38 0.475	
86.2	0.632 6.07 0.632	0.339 8.26 0.339	0.623 5.37 0.623	
86.3	0.617 6.08 0.617	0.27 8.24 0.27	0.77 5.37 0.77	
86.4	0.604 6.09 0.604	0.201 8.22 0.201	0.913 5.41 0.913	
86.5	0.592 6.09 0.592	0.133 8.19 0.133	1.04 5.46 1.04	
86.6	0.582 6.09 0.582	0.0654 8.17 0.0654	1.16 5.54 1.16	
86.7	0.576 6.09 0.576	-0.00174 8.14 -0.00174	1.26 5.63 1.26	
86.8	0.573 6.09 0.573	-0.0682 8.11 -0.0682	1.34 5.73 1.34	
86.9	0.574 6.08 0.574	-0.134 8.07 -0.134	1.4 5.85 1.4	
87	0.579 6.07 0.579	-0.199 8.04 -0.199	1.44 5.97 1.44	
87.1	0.587 6.07 0.587	-0.262 8 -0.262	1.47 6.09 1.47	
87.2	0.598 6.06 0.598	-0.325 7.96 -0.325	1.47 6.22 1.47	
87.3	0.612 6.06 0.612	-0.386 7.92 -0.386	1.46 6.34 1.46	
87.4	0.628 6.05 0.628	-0.446 7.87 -0.446	1.43 6.45 1.43	
87.5	0.647 6.05 0.647	-0.504 7.83 -0.504	1.39 6.56 1.39	
87.6	0.667 6.05 0.667	-0.56 7.77 -0.56	1.33 6.66 1.33	
87.7	0.689 6.06 0.689	-0.614 7.72 -0.614	1.27 6.76 1.27	
87.8	0.712 6.06 0.712	-0.666 7.67 -0.666	1.2 6.84 1.2	
87.9	0.736 6.07 0.736	-0.715 7.61 -0.715	1.13 6.92 1.13	
88	0.76 6.08 0.76	-0.762 7.55 -0.762	1.04 6.98 1.04	
88.1	0.784 6.09 0.784	-0.807 7.49 -0.807	0.958 7.04 0.958	
88.2	0.808 6.1 0.808	-0.848 7.42 -0.848	0.869 7.08 0.869	
88.3	0.832 6.12 0.832	-0.885 7.35 -0.885	0.779 7.11 0.779	
88.4	0.856 6.14 0.856	-0.92 7.28 -0.92	0.689 7.13 0.689	
88.5	0.878 6.16 0.878	-0.95 7.21 -0.95	0.601 7.14 0.601	
88.6	0.899 6.18 0.899	-0.977 7.14 -0.977	0.514 7.14 0.514	
88.7	0.919 6.21 0.919	-0.999 7.07 -0.999	0.431 7.12 0.431	
88.8	0.937 6.24 0.937	-1.02 6.99 -1.02	0.353 7.1 0.353	
88.9	0.953 6.27 0.953	-1.03 6.91 -1.03	0.281 7.06 0.281	
89	0.966 6.3 0.966	-1.04 6.83 -1.04	0.217 7.01 0.217	
89.1	0.977 6.34 0.977	-1.04 6.76 -1.04	0.161 6.95 0.161	
89.2	0.985 6.38 0.985	-1.04 6.68 -1.04	0.116 6.88 0.116	
89.3	0.99 6.42 0.99	-1.03 6.6 -1.03	0.0827 6.81 0.0827	
89.4	0.991 6.46 0.991	-1.01 6.52 -1.01	0.0621 6.72 0.0621	
89.5	0.988 6.5 0.988	-0.992 6.44 -0.992	0.0555 6.63 0.0555	
89.6	0.982 6.54 0.982	-0.966 6.36 -0.966	0.0637 6.54 0.0637	
89.7	0.971 6.58 0.971	-0.934 6.28 -0.934	0.0871 6.45 0.0871	
89.8	0.957 6.62 0.957	-0.897 6.2 -0.897	0.126 6.36 0.126	
89.9	0.939 6.66 0.939	-0.855 6.13 -0.855	0.179 6.28 0.179	
90	0.918 6.7 0.918	-0.808 6.05 -0.808	0.246 6.2 0.246	
90.1	0.893 6.74 0.893	-0.756 5.98 -0.756	0.324 6.13 0.324	
90.2	0.866 6.77 0.866	-0.7 5.91 -0.7	0.413 6.08 0.413	
90.3	0.837 6.8 0.837	-0.64 5.84 -0.64	0.51 6.03 0.51	
90.4	0.806 6.83 0.806	-0.576 5.77 -0.576	0.613 6.01 0.613	
90.5	0.773 6.86 0.773	-0.509 5.71 -0.509	0.718 5.99 0.718	
90.6	0.74 6.88 0.74	-0.438 5.64 -0.438	0.824 6 0.824	
90.7	0.707 6.9 0.707	-0.364 5.58 -0.364	0.928 6.02 0.928	
90.8	0.674 6.91 0.674	-0.287 5.53 -0.287	1.03 6.05 1.03	
90.9	0.641 6.92 0.641	-0.207 5.47 -0.207	1.12 6.1 1.12	
91	0.611 6.93 0.611	-0.125 5.42 -0.125	1.2 6.17 1.2	
91.1	0.581 6.93 0.581	-0.0414 5.38 -0.0414	1.28 6.24 1.28	
91.2	0.554 6.93 0.554	0.044 5.33 0.044	1.34 6.33 1.34	
91.3	0.529 6.93 0.529	0.131 5.29 0.131	1.38 6.43 1.38	
91.4	0.506 6.93 0.506	0.219 5.25 0.219	1.41 6.54 1.41	
91.5	0.486 6.92 0.486	0.308 5.22 0.308	1.43 6.65 1.43	
91.6	0.469 6.92 0.469	0.397 5.19 0.397	1.43 6.77 1.43	
91.7	0.455 6.91 0.455	0.487 5.16 0.487	1.42 6.89 1.42	
91.8	0.444 6.9 0.444	0.577 5.14 0.577	1.39 7 1.39	
91.9	0.435 6.9 0.435	0.668 5.12 0.668	1.35 7.12 1.35	
92	0.429 6.89 0.429	0.758 5.1 0.758	1.29 7.23 1.29	
92.1	0.425 6.88 0.425	0.847 5.08 0.847	1.22 7.34 1.22	
92.2	0.424 6.87 0.424	0.936 5.07 0.936	1.13 7.44 1.13	
92.3	0.425 6.87 0.425	1.02 5.06 1.02	1.04 7.53 1.04	
92.4	0.428 6.87 0.428	1.11 5.06 1.11	0.936 7.61 0.936	
92.5	0.433 6.86 0.433	1.2 5.05 1.2	0.825 7.67 0.825	
92.6	0.439 6.86 0.439	1.29 5.05 1.29	0.708 7.73 0.708	
92.7	0.446 6.87 0.446	1.37 5.05 1.37	0.587 7.77 0.587	
92.8	0.453 6.87 0.453	1.45 5.06 1.45	0.463 7.8 0.463	
92.9	0.461 6.88 0.461	1.54 5.06 1.54	0.34 7.81 0.34	
93	0.468 6.89 0.468	1.62 5.07 1.62	0.219 7.81 0.219	
93.1	0.475 6.9 0.475	1.7 5.08 1.7	0.102 7.79 0.102	
93.2	0.481 6.91 0.481	1.78 5.09 1.78	-0.0097 7.76 -0.0097	
93.3	0.486 6.93 0.486	1.85 5.11 1.85	-0.113 7.72 -0.113	
93.4	0.49 6.94 0.49	1.93 5.13 1.93	-0.207 7.66 -0.207	
93.5	0.492 6.96 0.492	2 5.14 2	-0.29 7.59 -0.29	
93.6	0.491 6.98 0.491	2.07 5.16 2.07	-0.36 7.51 -0.36	
93.7	0.489 7.01 0.489	2.14 5.19 2.14	-0.416 7.43 -0.416	
93.8	0.483 7.03 0.483	2.21 5.21 2.21	-0.459 7.33 -0.459	
93.9	0.476 7.05 0.476	2.28 5.24 2.28	-0.486 7.23 -0.486	
94	0.466 7.08 0.466	2.35 5.26 2.35	-0.498 7.13 -0.498	
94.1	0.453 7.1 0.453	2.41 5.29 2.41	-0.495 7.03 -0.495	
94.2	0.438 7.12 0.438	2.47 5.32 2.47	-0.477 6.93 -0.477	
94.3	0.421 7.15 0.421	2.53 5.36 2.53	-0.444 6.83 -0.444	
94.4	0.401 7.17 0.401	2.59 5.39 2.59	-0.399 6.73 -0.399	
94.5	0.38 7.19 0.38	2.65 5.42 2.65	-0.341 6.65 -0.341	
94.6	0.356 7.21 0.356	2.71 5.46 2.71	-0.272 6.57 -0.272	
94.7	0.331 7.22 0.331	2.76 5.5 2.76	-0.193 6.5 -0.193	
94.8	0.305 7.24 0.305	2.81 5.53 2.81	-0.106 6.44 -0.106	
94.9	0.278 7.25 0.278	2.86 5.57 2.86	-0.0131 6.39 -0.0131	
95	0.251 7.26 0.251	2.91 5.61 2.91	0.0848 6.35 0.0848	
95.1	0.223 7.26 0.223	2.96 5.65 2.96	0.185 6.33 0.185	
95.2	0.195 7.27 0.195	3.01 5.69 3.01	0.287 6.32 0.287	
95.3	0.168 7.27 0.168	3.05 5.74 3.05	0.387 6.33 0.387	
95.4	0.142 7.27 0.142	3.09 5.78 3.09	0.485 6.35 0.485	
95.5	0.117 7.26 0.117	3.13 5.82 3.13	0.578 6.39 0.578	
95.6	0.0932 7.25 0.0932	3.17 5.87 3.17	0.664 6.43 0.664	
95.7	0.0717 7.24 0.0717	3.21 5.91 3.21	0.741 6.49 0.741	
95.8	0.0522 7.23 0.0522	3.25 5.96 3.25	0.809 6.57 0.809	
95.9	0.0353 7.22 0.0353	3.28 6.01 3.28	0.866 6.65 0.866	
96	0.0209 7.2 0.0209	3.31 6.05 3.31	0.91 6.74 0.91	
96.1	0.00948 7.18 0.00948	3.34 6.1 3.34	0.94 6.84 0.94	
96.2	0.000991 7.17 0.000991	3.37 6.15 3.37	0.956 6.94 0.956	
96.3	-0.00445 7.15 -0.00445	3.4 6.2 3.4	0.958 7.05 0.958	
96.4	-0.00683 7.13 -0.00683	3.42 6.25 3.42	0.945 7.15 0.945	
96.5	-0.00618 7.11 -0.00618	3.45 6.3 3.45	0.918 7.26 0.918	
96.6	-0.00259 7.09 -0.00259	3.47 6.35 3.47	0.876 7.37 0.876	
96.7	0.00379 7.07 0.00379	3.49 6.4 3.49	0.821 7.47 0.821	
96.8	0.0128 7.05 0.0128	3.51 6.45 3.51	0.754 7.56 0.754	
96.9	0.0242 7.04 0.0242	3.53 6.5 3.53	0.676 7.65 0.676	
97	0.0377 7.02 0.0377	3.54 6.55 3.54	0.588 7.72 0.588	
97.1	0.053 7.01 0.053	3.56 6.6 3.56	0.491 7.79 0.491	
97.2	0.0698 7 0.0698	3.57 6.65 3.57	0.388 7.84 0.388	
97.3	0.0877 6.99 0.0877	3.58 6.71 3.58	0.281 7.89 0.281	
97.4	0.106 6.99 0.106	3.59 6.76 3.59	0.171 7.91 0.171	
97.5	0.126 6.99 0.126	3.6 6.81 3.6	0.0599 7.93 0.0599	
97.6	0.145 6.99 0.145	3.61 6.86 3.61	-0.0498 7.92 -0.0498	
97.7	0.164 6.99 0.164	3.62 6.92 3.62	-0.156 7.91 -0.156	
97.8	0.182 7 0.182	3.62 6.97 3.62	-0.258 7.88 -0.258	
97.9	0.199 7 0.199	3.62 7.02 3.62	-0.353 7.84 -0.353	
98	0.215 7.01 0.215	3.62 7.08 3.62	-0.439 7.78 -0.439	
98.1	0.229 7.03 0.229	3.62 7.13 3.62	-0.514 7.71 -0.514	
98.2	0.242 7.04 0.242	3.62 7.18 3.62	-0.579 7.64 -0.579	
98.3	0.252 7.06 0.252	3.62 7.23 3.62	-0.63 7.55 -0.63	
98.4	0.26 7.08 0.26	3.62 7.29 3.62	-0.668 7.45 -0.668	
98.5	0.265 7.1 0.265	3.61 7.34 3.61	-0.691 7.35 -0.691	
98.6	0.268 7.12 0.268	3.6 7.39 3.6	-0.7 7.25 -0.7	
98.7	0.269 7.14 0.269	3.59 7.45 3.59	-0.693 7.14 -0.693	
98.8	0.266 7.16 0.266	3.58 7.5 3.58	-0.671 7.03 -0.671	
98.9	0.262 7.18 0.262	3.57 7.55 3.57	-0.635 6.93 -0.635	
99	0.255 7.19 0.255	3.56 7.6 3.56	-0.584 6.83 -0.584	
99.1	0.246 7.21 0.246	3.54 7.65 3.54	-0.521 6.73 -0.521	
99.2	0.234 7.23 0.234	3.53 7.71 3.53	-0.445 6.65 -0.445	
99.3	0.221 7.24 0.221	3.51 7.76 3.51	-0.359 6.57 -0.359	
99.4	0.207 7.26 0.207	3.49 7.81 3.49	-0.263 6.5 -0.263	
99.5	0.191 7.27 0.191	3.47 7.86 3.47	-0.161 6.44 -0.161	
99.6	0.175 7.28 0.175	3.45 7.91 3.45	-0.0523 6.4 -0.0523	
99.7	0.158 7.28 0.158	3.43 7.96 3.43	0.0597 6.37 0.0597	
99.8	0.141 7.29 0.141	3.41 8.01 3.41	0.173 6.35 0.173	
99.9	0.125 7.29 0.125	3.38 8.06 3.38	0.287 6.35 0.287	
