0	1 0 1	-1 0 -1	0 0 0	
0.01	1 0.00151 1	-1 -0.00151 -1	0 0 0	
0.02	1 0.00301 1	-1 -0.00301 -1	6.03e-05 3.78e-08 6.03e-05	
0.03	1 0.00452 1	-1 -0.00452 -1	0.000181 2.04e-07 0.000181	
0.04	1 0.00603 1	-1 -0.00603 -1	0.000361 5.9e-07 0.000361	
0.05	1 0.00753 1	-1 -0.00753 -1	0.000602 1.29e-06 0.000602	
0.06	1 0.00904 1	-1 -0.00904 -1	0.000904 2.38e-06 0.000904	
0.07	1 0.0105 1	-1 -0.0105 -1	0.00127 3.97e-06 0.00127	
0.08	1 0.0121 1	-1 -0.0121 -1	0.00169 6.14e-06 0.00169	
0.09	1 0.0136 1	-1 -0.0136 -1	0.00217 8.98e-06 0.00217	
0.1	1 0.0151 1	-1 -0.0151 -1	0.00271 1.26e-05 0.00271	
0.11	1 0.0166 1	-1 -0.0166 -1	0.00331 1.7e-05 0.00331	
0.12	1 0.0181 1	-1 -0.0181 -1	0.00397 2.24e-05 0.00397	
0.13	1 0.0196 1	-1 -0.0196 -1	0.0047 2.89e-05 0.0047	
0.14	1 0.0211 1	-1 -0.0211 -1	0.00548 3.64e-05 0.00548	
0.15	1 0.0226 1	-1 -0.0226 -1	0.00632 4.52e-05 0.00632	
0.16	1 0.0241 1	-1 -0.0241 -1	0.00722 5.52e-05 0.00722	
0.17	1 0.0256 1	-1 -0.0256 -1	0.00818 6.67e-05 0.00818	
0.18	1 0.0271 1	-1 -0.0271 -1	0.00921 7.96e-05 0.00921	
0.19	1 0.0287 1	-1 -0.0287 -1	0.0103 9.41e-05 0.0103	
0.2	1 0.0302 1	-1 -0.0302 -1	0.0114 0.00011 0.0114	
0.21	1 0.0317 1	-1 -0.0317 -1	0.0126 0.000128 0.0126	
0.22	1.01 0.0332 1.01	-1.01 -0.0332 -1.01	0.0139 0.000148 0.0139	
0.23	1.01 0.0347 1.01	-1.01 -0.0347 -1.01	0.0152 0.000169 0.0152	
0.24	1.01 0.0362 1.01	-1.01 -0.0362 -1.01	0.0166 0.000193 0.0166	
0.25	1.01 0.0377 1.01	-1.01 -0.0377 -1.01	0.018 0.000219 0.018	
0.26	1.01 0.0393 1.01	-1.01 -0.0393 -1.01	0.0195 0.000247 0.0195	
0.27	1.01 0.0408 1.01	-1.01 -0.0408 -1.01	0.0211 0.000277 0.0211	
0.28	1.01 0.0423 1.01	-1.01 -0.0423 -1.01	0.0227 0.000309 0.0227	
0.29	1.01 0.0438 1.01	-1.01 -0.0438 -1.01	0.0244 0.000344 0.0244	
0.3	1.01 0.0453 1.01	-1.01 -0.0453 -1.01	0.0261 0.000382 0.0261	
0.31	1.01 0.0469 1.01	-1.01 -0.0468 -1.01	0.0279 0.000422 0.0279	
0.32	1.01 0.0484 1.01	-1.01 -0.0484 -1.01	0.0298 0.000464 0.0298	
0.33	1.01 0.0499 1.01	-1.01 -0.0499 -1.01	0.0317 0.00051 0.0317	
0.34	1.01 0.0514 1.01	-1.01 -0.0514 -1.01	0.0336 0.000558 0.0336	
0.35	1.01 0.053 1.01	-1.01 -0.0529 -1.01	0.0357 0.000609 0.0357	
0.36	1.01 0.0545 1.01	-1.01 -0.0545 -1.01	0.0377 0.000664 0.0377	
0.37	1.02 0.056 1.02	-1.01 -0.056 -1.01	0.0399 0.000721 0.0399	
0.38	1.02 0.0575 1.02	-1.02 -0.0575 -1.02	0.0421 0.000781 0.0421	
0.39	1.02 0.0591 1.02	-1.02 -0.059 -1.02	0.0444 0.000845 0.0444	
0.4	1.02 0.0606 1.02	-1.02 -0.0606 -1.02	0.0467 0.000912 0.0467	
0.41	1.02 0.0621 1.02	-1.02 -0.0621 -1.02	0.0491 0.000983 0.0491	
0.42	1.02 0.0637 1.02	-1.02 -0.0636 -1.02	0.0515 0.00106 0.0515	
0.43	1.02 0.0652 1.02	-1.02 -0.0652 -1.02	0.054 0.00113 0.054	
0.44	1.02 0.0668 1.02	-1.02 -0.0667 -1.02	0.0565 0.00122 0.0565	
0.45	1.02 0.0683 1.02	-1.02 -0.0682 -1.02	0.0591 0.0013 0.0591	
0.46	1.02 0.0698 1.02	-1.02 -0.0698 -1.02	0.0618 0.00139 0.0618	
0.47	1.02 0.0714 1.02	-1.02 -0.0713 -1.02	0.0645 0.00148 0.0645	
0.48	1.03 0.0729 1.03	-1.02 -0.0729 -1.02	0.0673 0.00158 0.0673	
0.49	1.03 0.0745 1.03	-1.03 -0.0744 -1.03	0.0701 0.00168 0.0701	
0.5	1.03 0.076 1.03	-1.03 -0.0759 -1.03	0.073 0.00178 0.073	
0.51	1.03 0.0776 1.03	-1.03 -0.0775 -1.03	0.076 0.00189 0.076	
0.52	1.03 0.0791 1.03	-1.03 -0.079 -1.03	0.079 0.00201 0.079	
0.53	1.03 0.0807 1.03	-1.03 -0.0806 -1.03	0.0821 0.00212 0.0821	
0.54	1.03 0.0823 1.03	-1.03 -0.0821 -1.03	0.0852 0.00225 0.0852	
0.55	1.03 0.0838 1.03	-1.03 -0.0837 -1.03	0.0884 0.00237 0.0884	
0.56	1.04 0.0854 1.04	-1.03 -0.0852 -1.03	0.0916 0.0025 0.0916	
0.57	1.04 0.0869 1.04	-1.03 -0.0868 -1.03	0.0949 0.00264 0.0949	
0.58	1.04 0.0885 1.04	-1.04 -0.0883 -1.04	0.0982 0.00278 0.0982	
0.59	1.04 0.0901 1.04	-1.04 -0.0899 -1.04	0.102 0.00293 0.102	
0.6	1.04 0.0917 1.04	-1.04 -0.0914 -1.04	0.105 0.00308 0.105	
0.61	1.04 0.0932 1.04	-1.04 -0.093 -1.04	0.109 0.00323 0.109	
0.62	1.04 0.0948 1.04	-1.04 -0.0945 -1.04	0.112 0.00339 0.112	
0.63	1.05 0.0964 1.05	-1.04 -0.0961 -1.04	0.116 0.00356 0.116	
0.64	1.05 0.098 1.05	-1.04 -0.0976 -1.04	0.12 0.00373 0.12	
0.65	1.05 0.0996 1.05	-1.04 -0.0992 -1.04	0.123 0.00391 0.123	
0.66	1.05 0.101 1.05	-1.05 -0.101 -1.05	0.127 0.00409 0.127	
0.67	1.05 0.103 1.05	-1.05 -0.102 -1.05	0.131 0.00428 0.131	
0.68	1.05 0.104 1.05	-1.05 -0.104 -1.05	0.135 0.00447 0.135	
0.69	1.06 0.106 1.06	-1.05 -0.105 -1.05	0.139 0.00467 0.139	
0.7	1.06 0.108 1.06	-1.05 -0.107 -1.05	0.143 0.00487 0.143	
0.71	1.06 0.109 1.06	-1.05 -0.109 -1.05	0.147 0.00508 0.147	
0.72	1.06 0.111 1.06	-1.05 -0.11 -1.05	0.151 0.0053 0.151	
0.73	1.06 0.112 1.06	-1.05 -0.112 -1.05	0.155 0.00552 0.155	
0.74	1.06 0.114 1.06	-1.06 -0.113 -1.06	0.159 0.00574 0.159	
0.75	1.07 0.116 1.07	-1.06 -0.115 -1.06	0.164 0.00598 0.164	
0.76	1.07 0.117 1.07	-1.06 -0.116 -1.06	0.168 0.00622 0.168	
0.77	1.07 0.119 1.07	-1.06 -0.118 -1.06	0.172 0.00646 0.172	
0.78	1.07 0.12 1.07	-1.06 -0.12 -1.06	0.177 0.00672 0.177	
0.79	1.07 0.122 1.07	-1.06 -0.121 -1.06	0.181 0.00698 0.181	
0.8	1.08 0.124 1.08	-1.06 -0.123 -1.06	0.186 0.00724 0.186	
0.81	1.08 0.125 1.08	-1.07 -0.124 -1.07	0.191 0.00751 0.191	
0.82	1.08 0.127 1.08	-1.07 -0.126 -1.07	0.195 0.00779 0.195	
0.83	1.08 0.129 1.08	-1.07 -0.127 -1.07	0.2 0.00808 0.2	
0.84	1.08 0.13 1.08	-1.07 -0.129 -1.07	0.205 0.00837 0.205	
0.85	1.09 0.132 1.09	-1.07 -0.131 -1.07	0.21 0.00867 0.21	
0.86	1.09 0.134 1.09	-1.07 -0.132 -1.07	0.215 0.00898 0.215	
0.87	1.09 0.135 1.09	-1.08 -0.134 -1.08	0.22 0.00929 0.22	
0.88	1.09 0.137 1.09	-1.08 -0.135 -1.08	0.225 0.00961 0.225	
0.89	1.09 0.139 1.09	-1.08 -0.137 -1.08	0.23 0.00994 0.23	
0.9	1.1 0.14 1.1	-1.08 -0.139 -1.08	0.235 0.0103 0.235	
0.91	1.1 0.142 1.1	-1.08 -0.14 -1.08	0.24 0.0106 0.24	
0.92	1.1 0.144 1.1	-1.08 -0.142 -1.08	0.245 0.011 0.245	
0.93	1.1 0.145 1.1	-1.08 -0.143 -1.08	0.25 0.0113 0.25	
0.94	1.11 0.147 1.11	-1.09 -0.145 -1.09	0.256 0.0117 0.256	
0.95	1.11 0.149 1.11	-1.09 -0.147 -1.09	0.261 0.0121 0.261	
0.96	1.11 0.151 1.11	-1.09 -0.148 -1.09	0.267 0.0125 0.267	
0.97	1.11 0.152 1.11	-1.09 -0.15 -1.09	0.272 0.0128 0.272	
0.98	1.12 0.154 1.12	-1.09 -0.151 -1.09	0.278 0.0132 0.278	
0.99	1.12 0.156 1.12	-1.09 -0.153 -1.09	0.283 0.0137 0.283	
1	1.12 0.157 1.12	-1.1 -0.155 -1.1	0.289 0.0141 0.289	
1.01	1.12 0.159 1.12	-1.1 -0.156 -1.1	0.295 0.0145 0.295	
1.02	1.13 0.161 1.13	-1.1 -0.158 -1.1	0.3 0.0149 0.3	
1.03	1.13 0.163 1.13	-1.1 -0.159 -1.1	0.306 0.0154 0.306	
1.04	1.13 0.164 1.13	-1.1 -0.161 -1.1	0.312 0.0158 0.312	
1.05	1.13 0.166 1.13	-1.11 -0.163 -1.11	0.318 0.0163 0.318	
1.06	1.14 0.168 1.14	-1.11 -0.164 -1.11	0.324 0.0168 0.324	
1.07	1.14 0.17 1.14	-1.11 -0.166 -1.11	0.33 0.0172 0.33	
1.08	1.14 0.171 1.14	-1.11 -0.167 -1.11	0.336 0.0177 0.336	
1.09	1.15 0.173 1.15	-1.11 -0.169 -1.11	0.342 0.0182 0.342	
1.1	1.15 0.175 1.15	-1.11 -0.171 -1.11	0.349 0.0187 0.349	
1.11	1.15 0.177 1.15	-1.12 -0.172 -1.12	0.355 0.0192 0.355	
1.12	1.15 0.179 1.15	-1.12 -0.174 -1.12	0.361 0.0198 0.361	
1.13	1.16 0.181 1.16	-1.12 -0.175 -1.12	0.368 0.0203 0.368	
1.14	1.16 0.182 1.16	-1.12 -0.177 -1.12	0.374 0.0209 0.374	
1.15	1.16 0.184 1.16	-1.12 -0.179 -1.12	0.381 0.0214 0.381	
1.16	1.17 0.186 1.17	-1.12 -0.18 -1.12	0.387 0.022 0.387	
1.17	1.17 0.188 1.17	-1.13 -0.182 -1.13	0.394 0.0226 0.394	
1.18	1.17 0.19 1.17	-1.13 -0.184 -1.13	0.4 0.0232 0.4	
1.19	1.18 0.192 1.18	-1.13 -0.185 -1.13	0.407 0.0238 0.407	
1.2	1.18 0.194 1.18	-1.13 -0.187 -1.13	0.414 0.0244 0.414	
1.21	1.18 0.195 1.18	-1.13 -0.188 -1.13	0.421 0.025 0.421	
1.22	1.19 0.197 1.19	-1.14 -0.19 -1.14	0.428 0.0256 0.428	
1.23	1.19 0.199 1.19	-1.14 -0.192 -1.14	0.435 0.0263 0.435	
1.24	1.19 0.201 1.19	-1.14 -0.193 -1.14	0.442 0.0269 0.442	
1.25	1.2 0.203 1.2	-1.14 -0.195 -1.14	0.449 0.0276 0.449	
1.26	1.2 0.205 1.2	-1.14 -0.197 -1.14	0.456 0.0283 0.456	
1.27	1.21 0.207 1.21	-1.15 -0.198 -1.15	0.463 0.029 0.463	
1.28	1.21 0.209 1.21	-1.15 -0.2 -1.15	0.47 0.0297 0.47	
1.29	1.21 0.211 1.21	-1.15 -0.201 -1.15	0.477 0.0304 0.477	
1.3	1.22 0.213 1.22	-1.15 -0.203 -1.15	0.485 0.0312 0.485	
1.31	1.22 0.215 1.22	-1.15 -0.205 -1.15	0.492 0.0319 0.492	
1.32	1.22 0.217 1.22	-1.15 -0.206 -1.15	0.5 0.0327 0.5	
1.33	1.23 0.219 1.23	-1.16 -0.208 -1.16	0.507 0.0334 0.507	
1.34	1.23 0.221 1.23	-1.16 -0.21 -1.16	0.515 0.0342 0.515	
1.35	1.24 0.223 1.24	-1.16 -0.211 -1.16	0.522 0.035 0.522	
1.36	1.24 0.225 1.24	-1.16 -0.213 -1.16	0.53 0.0359 0.53	
1.37	1.24 0.227 1.24	-1.16 -0.214 -1.16	0.538 0.0367 0.538	
1.38	1.25 0.229 1.25	-1.17 -0.216 -1.17	0.546 0.0375 0.546	
1.39	1.25 0.231 1.25	-1.17 -0.218 -1.17	0.553 0.0384 0.553	
1.4	1.26 0.233 1.26	-1.17 -0.219 -1.17	0.561 0.0393 0.561	
1.41	1.26 0.235 1.26	-1.17 -0.221 -1.17	0.569 0.0402 0.569	
1.42	1.26 0.237 1.26	-1.17 -0.223 -1.17	0.577 0.0411 0.577	
1.43	1.27 0.24 1.27	-1.18 -0.224 -1.18	0.586 0.042 0.586	
1.44	1.27 0.242 1.27	-1.18 -0.226 -1.18	0.594 0.0429 0.594	
1.45	1.28 0.244 1.28	-1.18 -0.227 -1.18	0.602 0.0439 0.602	
1.46	1.28 0.246 1.28	-1.18 -0.229 -1.18	0.61 0.0449 0.61	
1.47	1.29 0.248 1.29	-1.18 -0.231 -1.18	0.619 0.0458 0.619	
1.48	1.29 0.25 1.29	-1.19 -0.232 -1.19	0.627 0.0468 0.627	
1.49	1.3 0.253 1.3	-1.19 -0.234 -1.19	0.636 0.0479 0.636	
1.5	1.3 0.255 1.3	-1.19 -0.236 -1.19	0.644 0.0489 0.644	
1.51	1.3 0.257 1.3	-1.19 -0.237 -1.19	0.653 0.05 0.653	
1.52	1.31 0.259 1.31	-1.19 -0.239 -1.19	0.661 0.051 0.661	
1.53	1.31 0.262 1.31	-1.2 -0.241 -1.2	0.67 0.0521 0.67	
1.54	1.32 0.264 1.32	-1.2 -0.242 -1.2	0.679 0.0533 0.679	
1.55	1.32 0.266 1.32	-1.2 -0.244 -1.2	0.688 0.0544 0.688	
1.56	1.33 0.269 1.33	-1.2 -0.246 -1.2	0.697 0.0555 0.697	
1.57	1.33 0.271 1.33	-1.2 -0.247 -1.2	0.706 0.0567 0.706	
1.58	1.34 0.273 1.34	-1.21 -0.249 -1.21	0.715 0.0579 0.715	
1.59	1.34 0.276 1.34	-1.21 -0.25 -1.21	0.724 0.0591 0.724	
1.6	1.35 0.278 1.35	-1.21 -0.252 -1.21	0.733 0.0603 0.733	
1.61	1.35 0.281 1.35	-1.21 -0.254 -1.21	0.742 0.0616 0.742	
1.62	1.36 0.283 1.36	-1.22 -0.255 -1.22	0.751 0.0629 0.751	
1.63	1.37 0.285 1.37	-1.22 -0.257 -1.22	0.761 0.0642 0.761	
1.64	1.37 0.288 1.37	-1.22 -0.259 -1.22	0.77 0.0655 0.77	
1.65	1.38 0.29 1.38	-1.22 -0.26 -1.22	0.78 0.0668 0.78	
1.66	1.38 0.293 1.38	-1.22 -0.262 -1.22	0.789 0.0682 0.789	
1.67	1.39 0.296 1.39	-1.23 -0.264 -1.23	0.799 0.0696 0.799	
1.68	1.39 0.298 1.39	-1.23 -0.265 -1.23	0.808 0.071 0.808	
1.69	1.4 0.301 1.4	-1.23 -0.267 -1.23	0.818 0.0724 0.818	
1.7	1.4 0.303 1.4	-1.23 -0.269 -1.23	0.828 0.0739 0.828	
1.71	1.41 0.306 1.41	-1.23 -0.27 -1.23	0.838 0.0754 0.838	
1.72	1.42 0.309 1.42	-1.24 -0.272 -1.24	0.848 0.0769 0.848	
1.73	1.42 0.311 1.42	-1.24 -0.273 -1.24	0.858 0.0784 0.858	
1.74	1.43 0.314 1.43	-1.24 -0.275 -1.24	0.868 0.08 0.868	
1.75	1.43 0.317 1.43	-1.24 -0.277 -1.24	0.878 0.0816 0.878	
1.76	1.44 0.32 1.44	-1.24 -0.278 -1.24	0.888 0.0832 0.888	
1.77	1.45 0.322 1.45	-1.25 -0.28 -1.25	0.899 0.0848 0.899	
1.78	1.45 0.325 1.45	-1.25 -0.282 -1.25	0.909 0.0865 0.909	
1.79	1.46 0.328 1.46	-1.25 -0.283 -1.25	0.919 0.0882 0.919	
1.8	1.46 0.331 1.46	-1.25 -0.285 -1.25	0.93 0.0899 0.93	
1.81	1.47 0.334 1.47	-1.25 -0.287 -1.25	0.94 0.0917 0.94	
1.82	1.48 0.337 1.48	-1.26 -0.288 -1.26	0.951 0.0935 0.951	
1.83	1.48 0.34 1.48	-1.26 -0.29 -1.26	0.962 0.0953 0.962	
1.84	1.49 0.343 1.49	-1.26 -0.292 -1.26	0.973 0.0971 0.973	
1.85	1.5 0.346 1.5	-1.26 -0.293 -1.26	0.983 0.099 0.983	
1.86	1.5 0.349 1.5	-1.27 -0.295 -1.27	0.994 0.101 0.994	
1.87	1.51 0.352 1.51	-1.27 -0.297 -1.27	1.01 0.103 1.01	
1.88	1.52 0.355 1.52	-1.27 -0.298 -1.27	1.02 0.105 1.02	
1.89	1.52 0.358 1.52	-1.27 -0.3 -1.27	1.03 0.107 1.03	
1.9	1.53 0.361 1.53	-1.27 -0.301 -1.27	1.04 0.109 1.04	
1.91	1.54 0.364 1.54	-1.28 -0.303 -1.28	1.05 0.111 1.05	
1.92	1.54 0.367 1.54	-1.28 -0.305 -1.28	1.06 0.113 1.06	
1.93	1.55 0.371 1.55	-1.28 -0.306 -1.28	1.07 0.115 1.07	
1.94	1.56 0.374 1.56	-1.28 -0.308 -1.28	1.08 0.117 1.08	
1.95	1.57 0.377 1.57	-1.28 -0.31 -1.28	1.1 0.12 1.1	
1.96	1.57 0.381 1.57	-1.29 -0.311 -1.29	1.11 0.122 1.11	
1.97	1.58 0.384 1.58	-1.29 -0.313 -1.29	1.12 0.124 1.12	
1.98	1.59 0.388 1.59	-1.29 -0.315 -1.29	1.13 0.127 1.13	
1.99	1.59 0.391 1.59	-1.29 -0.316 -1.29	1.14 0.129 1.14	
2	1.6 0.395 1.6	-1.3 -0.318 -1.3	1.15 0.131 1.15	
2.01	1.61 0.398 1.61	-1.3 -0.32 -1.3	1.17 0.134 1.17	
2.02	1.62 0.402 1.62	-1.3 -0.321 -1.3	1.18 0.136 1.18	
2.03	1.62 0.405 1.62	-1.3 -0.323 -1.3	1.19 0.139 1.19	
2.04	1.63 0.409 1.63	-1.3 -0.325 -1.3	1.2 0.141 1.2	
2.05	1.64 0.413 1.64	-1.31 -0.326 -1.31	1.22 0.144 1.22	
2.06	1.65 0.417 1.65	-1.31 -0.328 -1.31	1.23 0.147 1.23	
2.07	1.66 0.42 1.66	-1.31 -0.33 -1.31	1.24 0.149 1.24	
2.08	1.66 0.424 1.66	-1.31 -0.331 -1.31	1.25 0.152 1.25	
2.09	1.67 0.428 1.67	-1.31 -0.333 -1.31	1.26 0.155 1.26	
2.1	1.68 0.432 1.68	-1.32 -0.334 -1.32	1.28 0.158 1.28	
2.11	1.69 0.436 1.69	-1.32 -0.336 -1.32	1.29 0.161 1.29	
2.12	1.7 0.44 1.7	-1.32 -0.338 -1.32	1.3 0.164 1.3	
2.13	1.71 0.444 1.71	-1.32 -0.339 -1.32	1.32 0.167 1.32	
2.14	1.71 0.448 1.71	-1.33 -0.341 -1.33	1.33 0.17 1.33	
2.15	1.72 0.452 1.72	-1.33 -0.343 -1.33	1.34 0.173 1.34	
2.16	1.73 0.457 1.73	-1.33 -0.344 -1.33	1.35 0.176 1.35	
2.17	1.74 0.461 1.74	-1.33 -0.346 -1.33	1.37 0.179 1.37	
2.18	1.75 0.465 1.75	-1.33 -0.348 -1.33	1.38 0.182 1.38	
2.19	1.76 0.47 1.76	-1.34 -0.349 -1.34	1.39 0.186 1.39	
2.2	1.77 0.474 1.77	-1.34 -0.351 -1.34	1.41 0.189 1.41	
2.21	1.78 0.479 1.78	-1.34 -0.353 -1.34	1.42 0.192 1.42	
2.22	1.78 0.483 1.78	-1.34 -0.354 -1.34	1.44 0.196 1.44	
2.23	1.79 0.488 1.79	-1.35 -0.356 -1.35	1.45 0.199 1.45	
2.24	1.8 0.492 1.8	-1.35 -0.358 -1.35	1.46 0.203 1.46	
2.25	1.81 0.497 1.81	-1.35 -0.359 -1.35	1.48 0.207 1.48	
2.26	1.82 0.502 1.82	-1.35 -0.361 -1.35	1.49 0.21 1.49	
2.27	1.83 0.507 1.83	-1.35 -0.363 -1.35	1.5 0.214 1.5	
2.28	1.84 0.511 1.84	-1.36 -0.364 -1.36	1.52 0.218 1.52	
2.29	1.85 0.516 1.85	-1.36 -0.366 -1.36	1.53 0.222 1.53	
2.3	1.86 0.521 1.86	-1.36 -0.367 -1.36	1.55 0.226 1.55	
2.31	1.87 0.527 1.87	-1.36 -0.369 -1.36	1.56 0.23 1.56	
2.32	1.88 0.532 1.88	-1.36 -0.371 -1.36	1.57 0.234 1.57	
2.33	1.89 0.537 1.89	-1.37 -0.372 -1.37	1.59 0.238 1.59	
2.34	1.9 0.542 1.9	-1.37 -0.374 -1.37	1.6 0.242 1.6	
2.35	1.91 0.547 1.91	-1.37 -0.376 -1.37	1.62 0.247 1.62	
2.36	1.92 0.553 1.92	-1.37 -0.377 -1.37	1.63 0.251 1.63	
2.37	1.93 0.558 1.93	-1.38 -0.379 -1.38	1.65 0.255 1.65	
2.38	1.94 0.564 1.94	-1.38 -0.381 -1.38	1.66 0.26 1.66	
2.39	1.95 0.569 1.95	-1.38 -0.382 -1.38	1.68 0.264 1.68	
2.4	1.96 0.575 1.96	-1.38 -0.384 -1.38	1.69 0.269 1.69	
2.41	1.97 0.581 1.97	-1.38 -0.386 -1.38	1.71 0.274 1.71	
2.42	1.98 0.587 1.98	-1.39 -0.387 -1.39	1.72 0.278 1.72	
2.43	1.99 0.592 1.99	-1.39 -0.389 -1.39	1.74 0.283 1.74	
2.44	2 0.598 2	-1.39 -0.391 -1.39	1.75 0.288 1.75	
2.45	2.01 0.604 2.01	-1.39 -0.392 -1.39	1.77 0.293 1.77	
2.46	2.02 0.61 2.02	-1.4 -0.394 -1.4	1.78 0.298 1.78	
2.47	2.03 0.617 2.03	-1.4 -0.396 -1.4	1.8 0.303 1.8	
2.48	2.04 0.623 2.04	-1.4 -0.397 -1.4	1.81 0.308 1.81	
2.49	2.05 0.629 2.05	-1.4 -0.399 -1.4	1.83 0.314 1.83	
2.5	2.06 0.635 2.06	-1.4 -0.401 -1.4	1.84 0.319 1.84	
2.51	2.07 0.642 2.07	-1.41 -0.402 -1.41	1.86 0.324 1.86	
2.52	2.08 0.648 2.08	-1.41 -0.404 -1.41	1.87 0.33 1.87	
2.53	2.09 0.655 2.09	-1.41 -0.405 -1.41	1.89 0.335 1.89	
2.54	2.1 0.662 2.1	-1.41 -0.407 -1.41	1.9 0.341 1.9	
2.55	2.12 0.669 2.12	-1.42 -0.409 -1.42	1.92 0.347 1.92	
2.56	2.13 0.675 2.13	-1.42 -0.41 -1.42	1.93 0.353 1.93	
2.57	2.14 0.682 2.14	-1.42 -0.412 -1.42	1.95 0.359 1.95	
2.58	2.15 0.689 2.15	-1.42 -0.414 -1.42	1.97 0.365 1.97	
2.59	2.16 0.696 2.16	-1.42 -0.415 -1.42	1.98 0.371 1.98	
2.6	2.17 0.704 2.17	-1.43 -0.417 -1.43	2 0.377 2	
2.61	2.18 0.711 2.18	-1.43 -0.419 -1.43	2.01 0.383 2.01	
2.62	2.19 0.718 2.19	-1.43 -0.42 -1.43	2.03 0.389 2.03	
2.63	2.2 0.725 2.2	-1.43 -0.422 -1.43	2.05 0.396 2.05	
2.64	2.22 0.733 2.22	-1.43 -0.424 -1.43	2.06 0.402 2.06	
2.65	2.23 0.741 2.23	-1.44 -0.425 -1.44	2.08 0.409 2.08	
2.66	2.24 0.748 2.24	-1.44 -0.427 -1.44	2.09 0.415 2.09	
2.67	2.25 0.756 2.25	-1.44 -0.429 -1.44	2.11 0.422 2.11	
2.68	2.26 0.764 2.26	-1.44 -0.43 -1.44	2.13 0.429 2.13	
2.69	2.27 0.772 2.27	-1.45 -0.432 -1.45	2.14 0.436 2.14	
2.7	2.28 0.78 2.28	-1.45 -0.434 -1.45	2.16 0.443 2.16	
2.71	2.3 0.788 2.3	-1.45 -0.435 -1.45	2.18 0.45 2.18	
2.72	2.31 0.796 2.31	-1.45 -0.437 -1.45	2.19 0.457 2.19	
2.73	2.32 0.804 2.32	-1.45 -0.438 -1.45	2.21 0.464 2.21	
2.74	2.33 0.812 2.33	-1.46 -0.44 -1.46	2.22 0.471 2.22	
2.75	2.34 0.821 2.34	-1.46 -0.442 -1.46	2.24 0.479 2.24	
2.76	2.35 0.829 2.35	-1.46 -0.443 -1.46	2.26 0.486 2.26	
2.77	2.37 0.838 2.37	-1.46 -0.445 -1.46	2.27 0.494 2.27	
2.78	2.38 0.847 2.38	-1.47 -0.447 -1.47	2.29 0.502 2.29	
2.79	2.39 0.855 2.39	-1.47 -0.448 -1.47	2.31 0.509 2.31	
2.8	2.4 0.864 2.4	-1.47 -0.45 -1.47	2.32 0.517 2.32	
2.81	2.41 0.873 2.41	-1.47 -0.452 -1.47	2.34 0.525 2.34	
2.82	2.42 0.882 2.42	-1.47 -0.453 -1.47	2.36 0.533 2.36	
2.83	2.44 0.891 2.44	-1.48 -0.455 -1.48	2.37 0.541 2.37	
2.84	2.45 0.9 2.45	-1.48 -0.457 -1.48	2.39 0.549 2.39	
2.85	2.46 0.91 2.46	-1.48 -0.458 -1.48	2.41 0.558 2.41	
2.86	2.47 0.919 2.47	-1.48 -0.46 -1.48	2.42 0.566 2.42	
2.87	2.48 0.928 2.48	-1.49 -0.462 -1.49	2.44 0.574 2.44	
2.88	2.5 0.938 2.5	-1.49 -0.463 -1.49	2.46 0.583 2.46	
2.89	2.51 0.948 2.51	-1.49 -0.465 -1.49	2.47 0.592 2.47	
2.9	2.52 0.957 2.52	-1.49 -0.467 -1.49	2.49 0.6 2.49	
2.91	2.53 0.967 2.53	-1.49 -0.468 -1.49	2.51 0.609 2.51	
2.92	2.54 0.977 2.54	-1.5 -0.47 -1.5	2.52 0.618 2.52	
2.93	2.56 0.987 2.56	-1.5 -0.471 -1.5	2.54 0.627 2.54	
2.94	2.57 0.997 2.57	-1.5 -0.473 -1.5	2.56 0.636 2.56	
2.95	2.58 1.01 2.58	-1.5 -0.475 -1.5	2.57 0.645 2.57	
2.96	2.59 1.02 2.59	-1.51 -0.476 -1.51	2.59 0.654 2.59	
2.97	2.6 1.03 2.6	-1.51 -0.478 -1.51	2.61 0.663 2.61	
2.98	2.61 1.04 2.61	-1.51 -0.48 -1.51	2.62 0.673 2.62	
2.99	2.63 1.05 2.63	-1.51 -0.481 -1.51	2.64 0.682 2.64	
3	2.64 1.06 2.64	-1.51 -0.483 -1.51	2.66 0.692 2.66	
3.01	2.65 1.07 2.65	-1.52 -0.485 -1.52	2.68 0.701 2.68	
3.02	2.66 1.08 2.66	-1.52 -0.486 -1.52	2.69 0.711 2.69	
3.03	2.67 1.09 2.67	-1.52 -0.488 -1.52	2.71 0.721 2.71	
3.04	2.69 1.1 2.69	-1.52 -0.49 -1.52	2.73 0.73 2.73	
3.05	2.7 1.11 2.7	-1.53 -0.491 -1.53	2.74 0.74 2.74	
3.06	2.71 1.12 2.71	-1.53 -0.493 -1.53	2.76 0.75 2.76	
3.07	2.72 1.13 2.72	-1.53 -0.495 -1.53	2.78 0.76 2.78	
3.08	2.73 1.15 2.73	-1.53 -0.496 -1.53	2.79 0.771 2.79	
3.09	2.75 1.16 2.75	-1.53 -0.498 -1.53	2.81 0.781 2.81	
3.1	2.76 1.17 2.76	-1.54 -0.499 -1.54	2.83 0.791 2.83	
3.11	2.77 1.18 2.77	-1.54 -0.501 -1.54	2.84 0.801 2.84	
3.12	2.78 1.19 2.78	-1.54 -0.503 -1.54	2.86 0.812 2.86	
3.13	2.79 1.2 2.79	-1.54 -0.504 -1.54	2.88 0.822 2.88	
3.14	2.8 1.21 2.8	-1.55 -0.506 -1.55	2.89 0.833 2.89	
3.15	2.82 1.23 2.82	-1.55 -0.508 -1.55	2.91 0.843 2.91	
3.16	2.83 1.24 2.83	-1.55 -0.509 -1.55	2.93 0.854 2.93	
3.17	2.84 1.25 2.84	-1.55 -0.511 -1.55	2.94 0.865 2.94	
3.18	2.85 1.26 2.85	-1.55 -0.513 -1.55	2.96 0.876 2.96	
3.19	2.86 1.27 2.86	-1.56 -0.514 -1.56	2.98 0.887 2.98	
3.2	2.87 1.28 2.87	-1.56 -0.516 -1.56	2.99 0.898 2.99	
3.21	2.89 1.3 2.89	-1.56 -0.518 -1.56	3.01 0.909 3.01	
3.22	2.9 1.31 2.9	-1.56 -0.519 -1.56	3.03 0.92 3.03	
3.23	2.91 1.32 2.91	-1.57 -0.521 -1.57	3.04 0.931 3.04	
3.24	2.92 1.33 2.92	-1.57 -0.523 -1.57	3.06 0.942 3.06	
3.25	2.93 1.34 2.93	-1.57 -0.524 -1.57	3.07 0.954 3.07	
3.26	2.94 1.36 2.94	-1.57 -0.526 -1.57	3.09 0.965 3.09	
3.27	2.96 1.37 2.96	-1.57 -0.527 -1.57	3.11 0.977 3.11	
3.28	2.97 1.38 2.97	-1.58 -0.529 -1.58	3.12 0.988 3.12	
3.29	2.98 1.39 2.98	-1.58 -0.531 -1.58	3.14 1 3.14	
3.3	2.99 1.41 2.99	-1.58 -0.532 -1.58	3.16 1.01 3.16	
3.31	3 1.42 3	-1.58 -0.534 -1.58	3.17 1.02 3.17	
3.32	3.01 1.43 3.01	-1.59 -0.536 -1.59	3.19 1.03 3.19	
3.33	3.02 1.45 3.02	-1.59 -0.537 -1.59	3.21 1.05 3.21	
3.34	3.04 1.46 3.04	-1.59 -0.539 -1.59	3.22 1.06 3.22	
3.35	3.05 1.47 3.05	-1.59 -0.541 -1.59	3.24 1.07 3.24	
3.36	3.06 1.48 3.06	-1.59 -0.542 -1.59	3.25 1.08 3.25	
3.37	3.07 1.5 3.07	-1.6 -0.544 -1.6	3.27 1.09 3.27	
3.38	3.08 1.51 3.08	-1.6 -0.546 -1.6	3.29 1.11 3.29	
3.39	3.09 1.52 3.09	-1.6 -0.547 -1.6	3.3 1.12 3.3	
3.4	3.1 1.54 3.1	-1.6 -0.549 -1.6	3.32 1.13 3.32	
3.41	3.11 1.55 3.11	-1.61 -0.551 -1.61	3.34 1.14 3.34	
3.42	3.12 1.56 3.12	-1.61 -0.552 -1.61	3.35 1.16 3.35	
3.43	3.14 1.58 3.14	-1.61 -0.554 -1.61	3.37 1.17 3.37	
3.44	3.15 1.59 3.15	-1.61 -0.555 -1.61	3.38 1.18 3.38	
3.45	3.16 1.6 3.16	-1.61 -0.557 -1.61	3.4 1.19 3.4	
3.46	3.17 1.62 3.17	-1.62 -0.559 -1.62	3.41 1.21 3.41	
3.47	3.18 1.63 3.18	-1.62 -0.56 -1.62	3.43 1.22 3.43	
3.48	3.19 1.64 3.19	-1.62 -0.562 -1.62	3.45 1.23 3.45	
3.49	3.2 1.66 3.2	-1.62 -0.564 -1.62	3.46 1.24 3.46	
3.5	3.21 1.67 3.21	-1.63 -0.565 -1.63	3.48 1.26 3.48	
3.51	3.22 1.68 3.22	-1.63 -0.567 -1.63	3.49 1.27 3.49	
3.52	3.23 1.7 3.23	-1.63 -0.569 -1.63	3.51 1.28 3.51	
3.53	3.24 1.71 3.24	-1.63 -0.57 -1.63	3.53 1.29 3.53	
3.54	3.26 1.73 3.26	-1.63 -0.572 -1.63	3.54 1.31 3.54	
3.55	3.27 1.74 3.27	-1.64 -0.574 -1.64	3.56 1.32 3.56	
3.56	3.28 1.75 3.28	-1.64 -0.575 -1.64	3.57 1.33 3.57	
3.57	3.29 1.77 3.29	-1.64 -0.577 -1.64	3.59 1.35 3.59	
3.58	3.3 1.78 3.3	-1.64 -0.579 -1.64	3.6 1.36 3.6	
3.59	3.31 1.8 3.31	-1.65 -0.58 -1.65	3.62 1.37 3.62	
3.6	3.32 1.81 3.32	-1.65 -0.582 -1.65	3.63 1.39 3.63	
3.61	3.33 1.82 3.33	-1.65 -0.583 -1.65	3.65 1.4 3.65	
3.62	3.34 1.84 3.34	-1.65 -0.585 -1.65	3.67 1.41 3.67	
3.63	3.35 1.85 3.35	-1.65 -0.587 -1.65	3.68 1.43 3.68	
3.64	3.36 1.87 3.36	-1.66 -0.588 -1.66	3.7 1.44 3.7	
3.65	3.37 1.88 3.37	-1.66 -0.59 -1.66	3.71 1.45 3.71	
3.66	3.38 1.9 3.38	-1.66 -0.592 -1.66	3.73 1.47 3.73	
3.67	3.39 1.91 3.39	-1.66 -0.593 -1.66	3.74 1.48 3.74	
3.68	3.4 1.92 3.4	-1.67 -0.595 -1.67	3.76 1.49 3.76	
3.69	3.41 1.94 3.41	-1.67 -0.597 -1.67	3.77 1.51 3.77	
3.7	3.42 1.95 3.42	-1.67 -0.598 -1.67	3.79 1.52 3.79	
3.71	3.43 1.97 3.43	-1.67 -0.6 -1.67	3.8 1.53 3.8	
3.72	3.44 1.98 3.44	-1.67 -0.602 -1.67	3.82 1.55 3.82	
3.73	3.45 2 3.45	-1.68 -0.603 -1.68	3.83 1.56 3.83	
3.74	3.46 2.01 3.46	-1.68 -0.605 -1.68	3.85 1.57 3.85	
3.75	3.47 2.03 3.47	-1.68 -0.606 -1.68	3.86 1.59 3.86	
3.76	3.48 2.04 3.48	-1.68 -0.608 -1.68	3.88 1.6 3.88	
3.77	3.49 2.06 3.49	-1.69 -0.61 -1.69	3.89 1.61 3.89	
3.78	3.5 2.07 3.5	-1.69 -0.611 -1.69	3.91 1.63 3.91	
3.79	3.51 2.09 3.51	-1.69 -0.613 -1.69	3.92 1.64 3.92	
3.8	3.52 2.1 3.52	-1.69 -0.615 -1.69	3.94 1.66 3.94	
3.81	3.53 2.11 3.53	-1.69 -0.616 -1.69	3.95 1.67 3.95	
3.82	3.54 2.13 3.54	-1.7 -0.618 -1.7	3.97 1.68 3.97	
3.83	3.55 2.14 3.55	-1.7 -0.62 -1.7	3.98 1.7 3.98	
3.84	3.56 2.16 3.56	-1.7 -0.621 -1.7	4 1.71 4	
3.85	3.57 2.17 3.57	-1.7 -0.623 -1.7	4.01 1.73 4.01	
3.86	3.58 2.19 3.58	-1.71 -0.625 -1.71	4.03 1.74 4.03	
3.87	3.59 2.2 3.59	-1.71 -0.626 -1.71	4.04 1.75 4.04	
3.88	3.6 2.22 3.6	-1.71 -0.628 -1.71	4.06 1.77 4.06	
3.89	3.61 2.23 3.61	-1.71 -0.629 -1.71	4.07 1.78 4.07	
3.9	3.62 2.25 3.62	-1.71 -0.631 -1.71	4.09 1.8 4.09	
3.91	3.63 2.26 3.63	-1.72 -0.633 -1.72	4.1 1.81 4.1	
3.92	3.64 2.28 3.64	-1.72 -0.634 -1.72	4.12 1.83 4.12	
3.93	3.65 2.3 3.65	-1.72 -0.636 -1.72	4.13 1.84 4.13	
3.94	3.66 2.31 3.66	-1.72 -0.638 -1.72	4.15 1.85 4.15	
3.95	3.67 2.33 3.67	-1.73 -0.639 -1.73	4.16 1.87 4.16	
3.96	3.68 2.34 3.68	-1.73 -0.641 -1.73	4.17 1.88 4.17	
3.97	3.69 2.36 3.69	-1.73 -0.643 -1.73	4.19 1.9 4.19	
3.98	3.7 2.37 3.7	-1.73 -0.644 -1.73	4.2 1.91 4.2	
3.99	3.71 2.39 3.71	-1.73 -0.646 -1.73	4.22 1.93 4.22	
4	3.72 2.4 3.72	-1.74 -0.648 -1.74	4.23 1.94 4.23	
4.01	3.72 2.42 3.72	-1.74 -0.649 -1.74	4.25 1.96 4.25	
4.02	3.73 2.43 3.73	-1.74 -0.651 -1.74	4.26 1.97 4.26	
4.03	3.74 2.45 3.74	-1.74 -0.653 -1.74	4.27 1.98 4.27	
4.04	3.75 2.46 3.75	-1.75 -0.654 -1.75	4.29 2 4.29	
4.05	3.76 2.48 3.76	-1.75 -0.656 -1.75	4.3 2.01 4.3	
4.06	3.77 2.5 3.77	-1.75 -0.657 -1.75	4.32 2.03 4.32	
4.07	3.78 2.51 3.78	-1.75 -0.659 -1.75	4.33 2.04 4.33	
4.08	3.79 2.53 3.79	-1.75 -0.661 -1.75	4.35 2.06 4.35	
4.09	3.8 2.54 3.8	-1.76 -0.662 -1.76	4.36 2.07 4.36	
4.1	3.81 2.56 3.81	-1.76 -0.664 -1.76	4.37 2.09 4.37	
4.11	3.82 2.57 3.82	-1.76 -0.666 -1.76	4.39 2.1 4.39	
4.12	3.83 2.59 3.83	-1.76 -0.667 -1.76	4.4 2.12 4.4	
4.13	3.83 2.6 3.83	-1.77 -0.669 -1.77	4.42 2.13 4.42	
4.14	3.84 2.62 3.84	-1.77 -0.671 -1.77	4.43 2.15 4.43	
4.15	3.85 2.64 3.85	-1.77 -0.672 -1.77	4.44 2.16 4.44	
4.16	3.86 2.65 3.86	-1.77 -0.674 -1.77	4.46 2.18 4.46	
4.17	3.87 2.67 3.87	-1.77 -0.675 -1.77	4.47 2.19 4.47	
4.18	3.88 2.68 3.88	-1.78 -0.677 -1.78	4.49 2.2 4.49	
4.19	3.89 2.7 3.89	-1.78 -0.679 -1.78	4.5 2.22 4.5	
4.2	3.9 2.71 3.9	-1.78 -0.68 -1.78	4.51 2.23 4.51	
4.21	3.91 2.73 3.91	-1.78 -0.682 -1.78	4.53 2.25 4.53	
4.22	3.91 2.75 3.91	-1.79 -0.684 -1.79	4.54 2.26 4.54	
4.23	3.92 2.76 3.92	-1.79 -0.685 -1.79	4.56 2.28 4.56	
4.24	3.93 2.78 3.93	-1.79 -0.687 -1.79	4.57 2.29 4.57	
4.25	3.94 2.79 3.94	-1.79 -0.689 -1.79	4.58 2.31 4.58	
4.26	3.95 2.81 3.95	-1.79 -0.69 -1.79	4.6 2.32 4.6	
4.27	3.96 2.83 3.96	-1.8 -0.692 -1.8	4.61 2.34 4.61	
4.28	3.97 2.84 3.97	-1.8 -0.694 -1.8	4.62 2.35 4.62	
4.29	3.97 2.86 3.97	-1.8 -0.695 -1.8	4.64 2.37 4.64	
4.3	3.98 2.87 3.98	-1.8 -0.697 -1.8	4.65 2.38 4.65	
4.31	3.99 2.89 3.99	-1.81 -0.698 -1.81	4.66 2.4 4.66	
4.32	4 2.91 4	-1.81 -0.7 -1.81	4.68 2.41 4.68	
4.33	4.01 2.92 4.01	-1.81 -0.702 -1.81	4.69 2.43 4.69	
4.34	4.02 2.94 4.02	-1.81 -0.703 -1.81	4.71 2.44 4.71	
4.35	4.03 2.95 4.03	-1.81 -0.705 -1.81	4.72 2.46 4.72	
4.36	4.03 2.97 4.03	-1.82 -0.707 -1.82	4.73 2.48 4.73	
4.37	4.04 2.99 4.04	-1.82 -0.708 -1.82	4.75 2.49 4.75	
4.38	4.05 3 4.05	-1.82 -0.71 -1.82	4.76 2.51 4.76	
4.39	4.06 3.02 4.06	-1.82 -0.712 -1.82	4.77 2.52 4.77	
4.4	4.07 3.03 4.07	-1.83 -0.713 -1.83	4.79 2.54 4.79	
4.41	4.08 3.05 4.08	-1.83 -0.715 -1.83	4.8 2.55 4.8	
4.42	4.08 3.07 4.08	-1.83 -0.717 -1.83	4.81 2.57 4.81	
4.43	4.09 3.08 4.09	-1.83 -0.718 -1.83	4.83 2.58 4.83	
4.44	4.1 3.1 4.1	-1.83 -0.72 -1.83	4.84 2.6 4.84	
4.45	4.11 3.12 4.11	-1.84 -0.721 -1.84	4.85 2.61 4.85	
4.46	4.12 3.13 4.12	-1.84 -0.723 -1.84	4.87 2.63 4.87	
4.47	4.13 3.15 4.13	-1.84 -0.725 -1.84	4.88 2.64 4.88	
4.48	4.13 3.16 4.13	-1.84 -0.726 -1.84	4.89 2.66 4.89	
4.49	4.14 3.18 4.14	-1.85 -0.728 -1.85	4.91 2.67 4.91	
4.5	4.15 3.2 4.15	-1.85 -0.73 -1.85	4.92 2.69 4.92	
4.51	4.16 3.21 4.16	-1.85 -0.731 -1.85	4.93 2.7 4.93	
4.52	4.17 3.23 4.17	-1.85 -0.733 -1.85	4.95 2.72 4.95	
4.53	4.17 3.25 4.17	-1.85 -0.735 -1.85	4.96 2.74 4.96	
4.54	4.18 3.26 4.18	-1.86 -0.736 -1.86	4.97 2.75 4.97	
4.55	4.19 3.28 4.19	-1.86 -0.738 -1.86	4.99 2.77 4.99	
4.56	4.2 3.29 4.2	-1.86 -0.74 -1.86	5 2.78 5	
4.57	4.21 3.31 4.21	-1.86 -0.741 -1.86	5.01 2.8 5.01	
4.58	4.21 3.33 4.21	-1.87 -0.743 -1.87	5.02 2.81 5.02	
4.59	4.22 3.34 4.22	-1.87 -0.744 -1.87	5.04 2.83 5.04	
4.6	4.23 3.36 4.23	-1.87 -0.746 -1.87	5.05 2.84 5.05	
4.61	4.24 3.38 4.24	-1.87 -0.748 -1.87	5.06 2.86 5.06	
4.62	4.25 3.39 4.25	-1.87 -0.749 -1.87	5.08 2.87 5.08	
4.63	4.25 3.41 4.25	-1.88 -0.751 -1.88	5.09 2.89 5.09	
4.64	4.26 3.43 4.26	-1.88 -0.753 -1.88	5.1 2.91 5.1	
4.65	4.27 3.44 4.27	-1.88 -0.754 -1.88	5.12 2.92 5.12	
4.66	4.28 3.46 4.28	-1.88 -0.756 -1.88	5.13 2.94 5.13	
4.67	4.29 3.48 4.29	-1.89 -0.758 -1.89	5.14 2.95 5.14	
4.68	4.29 3.49 4.29	-1.89 -0.759 -1.89	5.15 2.97 5.15	
4.69	4.3 3.51 4.3	-1.89 -0.761 -1.89	5.17 2.98 5.17	
4.7	4.31 3.52 4.31	-1.89 -0.762 -1.89	5.18 3 5.18	
4.71	4.32 3.54 4.32	-1.89 -0.764 -1.89	5.19 3.02 5.19	
4.72	4.32 3.56 4.32	-1.9 -0.766 -1.9	5.21 3.03 5.21	
4.73	4.33 3.57 4.33	-1.9 -0.767 -1.9	5.22 3.05 5.22	
4.74	4.34 3.59 4.34	-1.9 -0.769 -1.9	5.23 3.06 5.23	
4.75	4.35 3.61 4.35	-1.9 -0.771 -1.9	5.24 3.08 5.24	
4.76	4.36 3.62 4.36	-1.91 -0.772 -1.91	5.26 3.09 5.26	
4.77	4.36 3.64 4.36	-1.91 -0.774 -1.91	5.27 3.11 5.27	
4.78	4.37 3.66 4.37	-1.91 -0.776 -1.91	5.28 3.12 5.28	
4.79	4.38 3.67 4.38	-1.91 -0.777 -1.91	5.29 3.14 5.29	
4.8	4.39 3.69 4.39	-1.91 -0.779 -1.91	5.31 3.16 5.31	
4.81	4.39 3.71 4.39	-1.92 -0.781 -1.92	5.32 3.17 5.32	
4.82	4.4 3.72 4.4	-1.92 -0.782 -1.92	5.33 3.19 5.33	
4.83	4.41 3.74 4.41	-1.92 -0.784 -1.92	5.35 3.2 5.35	
4.84	4.42 3.76 4.42	-1.92 -0.785 -1.92	5.36 3.22 5.36	
4.85	4.42 3.77 4.42	-1.93 -0.787 -1.93	5.37 3.24 5.37	
4.86	4.43 3.79 4.43	-1.93 -0.789 -1.93	5.38 3.25 5.38	
4.87	4.44 3.81 4.44	-1.93 -0.79 -1.93	5.4 3.27 5.4	
4.88	4.45 3.82 4.45	-1.93 -0.792 -1.93	5.41 3.28 5.41	
4.89	4.45 3.84 4.45	-1.93 -0.794 -1.93	5.42 3.3 5.42	
4.9	4.46 3.86 4.46	-1.94 -0.795 -1.94	5.43 3.31 5.43	
4.91	4.47 3.87 4.47	-1.94 -0.797 -1.94	5.45 3.33 5.45	
4.92	4.48 3.89 4.48	-1.94 -0.799 -1.94	5.46 3.35 5.46	
4.93	4.48 3.91 4.48	-1.94 -0.8 -1.94	5.47 3.36 5.47	
4.94	4.49 3.92 4.49	-1.95 -0.802 -1.95	5.48 3.38 5.48	
4.95	4.5 3.94 4.5	-1.95 -0.803 -1.95	5.5 3.39 5.5	
4.96	4.5 3.96 4.5	-1.95 -0.805 -1.95	5.51 3.41 5.51	
4.97	4.51 3.97 4.51	-1.95 -0.807 -1.95	5.52 3.42 5.52	
4.98	4.52 3.99 4.52	-1.95 -0.808 -1.95	5.53 3.44 5.53	
4.99	4.53 4.01 4.53	-1.96 -0.81 -1.96	5.55 3.46 5.55	
5	4.53 4.02 4.53	-1.96 -0.812 -1.96	5.56 3.47 5.56	
5.01	4.54 4.04 4.54	-1.96 -0.813 -1.96	5.57 3.49 5.57	
5.02	4.55 4.06 4.55	-1.96 -0.815 -1.96	5.58 3.5 5.58	
5.03	4.56 4.07 4.56	-1.97 -0.817 -1.97	5.59 3.52 5.59	
5.04	4.56 4.09 4.56	-1.97 -0.818 -1.97	5.61 3.54 5.61	
5.05	4.57 4.11 4.57	-1.97 -0.82 -1.97	5.62 3.55 5.62	
5.06	4.58 4.13 4.58	-1.97 -0.822 -1.97	5.63 3.57 5.63	
5.07	4.58 4.14 4.58	-1.97 -0.823 -1.97	5.64 3.58 5.64	
5.08	4.59 4.16 4.59	-1.98 -0.825 -1.98	5.66 3.6 5.66	
5.09	4.6 4.18 4.6	-1.98 -0.826 -1.98	5.67 3.62 5.67	
5.1	4.61 4.19 4.61	-1.98 -0.828 -1.98	5.68 3.63 5.68	
5.11	4.61 4.21 4.61	-1.98 -0.83 -1.98	5.69 3.65 5.69	
5.12	4.62 4.23 4.62	-1.99 -0.831 -1.99	5.71 3.66 5.71	
5.13	4.63 4.24 4.63	-1.99 -0.833 -1.99	5.72 3.68 5.72	
5.14	4.63 4.26 4.63	-1.99 -0.835 -1.99	5.73 3.7 5.73	
5.15	4.64 4.28 4.64	-1.99 -0.836 -1.99	5.74 3.71 5.74	
5.16	4.65 4.29 4.65	-1.99 -0.838 -1.99	5.75 3.73 5.75	
5.17	4.66 4.31 4.66	-2 -0.84 -2	5.77 3.74 5.77	
5.18	4.66 4.33 4.66	-2 -0.841 -2	5.78 3.76 5.78	
5.19	4.67 4.34 4.67	-2 -0.843 -2	5.79 3.78 5.79	
5.2	4.68 4.36 4.68	-2 -0.844 -2	5.8 3.79 5.8	
5.21	4.68 4.38 4.68	-2.01 -0.846 -2.01	5.81 3.81 5.81	
5.22	4.69 4.4 4.69	-2.01 -0.848 -2.01	5.83 3.82 5.83	
5.23	4.7 4.41 4.7	-2.01 -0.849 -2.01	5.84 3.84 5.84	
5.24	4.7 4.43 4.7	-2.01 -0.851 -2.01	5.85 3.86 5.85	
5.25	4.71 4.45 4.71	-2.01 -0.853 -2.01	5.86 3.87 5.86	
5.26	4.72 4.46 4.72	-2.02 -0.854 -2.02	5.87 3.89 5.87	
5.27	4.72 4.48 4.72	-2.02 -0.856 -2.02	5.89 3.9 5.89	
5.28	4.73 4.5 4.73	-2.02 -0.858 -2.02	5.9 3.92 5.9	
5.29	4.74 4.51 4.74	-2.02 -0.859 -2.02	5.91 3.94 5.91	
5.3	4.75 4.53 4.75	-2.03 -0.861 -2.03	5.92 3.95 5.92	
5.31	4.75 4.55 4.75	-2.03 -0.862 -2.03	5.93 3.97 5.93	
5.32	4.76 4.56 4.76	-2.03 -0.864 -2.03	5.95 3.99 5.95	
5.33	4.77 4.58 4.77	-2.03 -0.866 -2.03	5.96 4 5.96	
5.34	4.77 4.6 4.77	-2.03 -0.867 -2.03	5.97 4.02 5.97	
5.35	4.78 4.62 4.78	-2.04 -0.869 -2.04	5.98 4.03 5.98	
5.36	4.79 4.63 4.79	-2.04 -0.871 -2.04	5.99 4.05 5.99	
5.37	4.79 4.65 4.79	-2.04 -0.872 -2.04	6.01 4.07 6.01	
5.38	4.8 4.67 4.8	-2.04 -0.874 -2.04	6.02 4.08 6.02	
5.39	4.81 4.68 4.81	-2.05 -0.876 -2.05	6.03 4.1 6.03	
5.4	4.81 4.7 4.81	-2.05 -0.877 -2.05	6.04 4.11 6.04	
5.41	4.82 4.72 4.82	-2.05 -0.879 -2.05	6.05 4.13 6.05	
5.42	4.83 4.74 4.83	-2.05 -0.88 -2.05	6.07 4.15 6.07	
5.43	4.83 4.75 4.83	-2.05 -0.882 -2.05	6.08 4.16 6.08	
5.44	4.84 4.77 4.84	-2.06 -0.884 -2.06	6.09 4.18 6.09	
5.45	4.85 4.79 4.85	-2.06 -0.885 -2.06	6.1 4.2 6.1	
5.46	4.85 4.8 4.85	-2.06 -0.887 -2.06	6.11 4.21 6.11	
5.47	4.86 4.82 4.86	-2.06 -0.889 -2.06	6.12 4.23 6.12	
5.48	4.87 4.84 4.87	-2.07 -0.89 -2.07	6.14 4.24 6.14	
5.49	4.87 4.85 4.87	-2.07 -0.892 -2.07	6.15 4.26 6.15	
5.5	4.88 4.87 4.88	-2.07 -0.894 -2.07	6.16 4.28 6.16	
5.51	4.89 4.89 4.89	-2.07 -0.895 -2.07	6.17 4.29 6.17	
5.52	4.89 4.91 4.89	-2.07 -0.897 -2.07	6.18 4.31 6.18	
5.53	4.9 4.92 4.9	-2.08 -0.899 -2.08	6.2 4.33 6.2	
5.54	4.91 4.94 4.91	-2.08 -0.9 -2.08	6.21 4.34 6.21	
5.55	4.91 4.96 4.91	-2.08 -0.902 -2.08	6.22 4.36 6.22	
5.56	4.92 4.97 4.92	-2.08 -0.903 -2.08	6.23 4.37 6.23	
5.57	4.93 4.99 4.93	-2.09 -0.905 -2.09	6.24 4.39 6.24	
5.58	4.93 5.01 4.93	-2.09 -0.907 -2.09	6.25 4.41 6.25	
5.59	4.94 5.03 4.94	-2.09 -0.908 -2.09	6.27 4.42 6.27	
5.6	4.95 5.04 4.95	-2.09 -0.91 -2.09	6.28 4.44 6.28	
5.61	4.95 5.06 4.95	-2.09 -0.912 -2.09	6.29 4.46 6.29	
5.62	4.96 5.08 4.96	-2.1 -0.913 -2.1	6.3 4.47 6.3	
5.63	4.97 5.09 4.97	-2.1 -0.915 -2.1	6.31 4.49 6.31	
5.64	4.97 5.11 4.97	-2.1 -0.917 -2.1	6.32 4.5 6.32	
5.65	4.98 5.13 4.98	-2.1 -0.918 -2.1	6.33 4.52 6.33	
5.66	4.99 5.15 4.99	-2.11 -0.92 -2.11	6.35 4.54 6.35	
5.67	4.99 5.16 4.99	-2.11 -0.921 -2.11	6.36 4.55 6.36	
5.68	5 5.18 5	-2.11 -0.923 -2.11	6.37 4.57 6.37	
5.69	5 5.2 5	-2.11 -0.925 -2.11	6.38 4.59 6.38	
5.7	5.01 5.21 5.01	-2.11 -0.926 -2.11	6.39 4.6 6.39	
5.71	5.02 5.23 5.02	-2.12 -0.928 -2.12	6.4 4.62 6.4	
5.72	5.02 5.25 5.02	-2.12 -0.93 -2.12	6.42 4.63 6.42	
5.73	5.03 5.27 5.03	-2.12 -0.931 -2.12	6.43 4.65 6.43	
5.74	5.04 5.28 5.04	-2.12 -0.933 -2.12	6.44 4.67 6.44	
5.75	5.04 5.3 5.04	-2.13 -0.935 -2.13	6.45 4.68 6.45	
5.76	5.05 5.32 5.05	-2.13 -0.936 -2.13	6.46 4.7 6.46	
5.77	5.06 5.33 5.06	-2.13 -0.938 -2.13	6.47 4.72 6.47	
5.78	5.06 5.35 5.06	-2.13 -0.939 -2.13	6.48 4.73 6.48	
5.79	5.07 5.37 5.07	-2.13 -0.941 -2.13	6.5 4.75 6.5	
5.8	5.07 5.39 5.07	-2.14 -0.943 -2.14	6.51 4.77 6.51	
5.81	5.08 5.4 5.08	-2.14 -0.944 -2.14	6.52 4.78 6.52	
5.82	5.09 5.42 5.09	-2.14 -0.946 -2.14	6.53 4.8 6.53	
5.83	5.09 5.44 5.09	-2.14 -0.948 -2.14	6.54 4.81 6.54	
5.84	5.1 5.46 5.1	-2.15 -0.949 -2.15	6.55 4.83 6.55	
5.85	5.11 5.47 5.11	-2.15 -0.951 -2.15	6.57 4.85 6.57	
5.86	5.11 5.49 5.11	-2.15 -0.953 -2.15	6.58 4.86 6.58	
5.87	5.12 5.51 5.12	-2.15 -0.954 -2.15	6.59 4.88 6.59	
5.88	5.12 5.52 5.12	-2.15 -0.956 -2.15	6.6 4.9 6.6	
5.89	5.13 5.54 5.13	-2.16 -0.957 -2.16	6.61 4.91 6.61	
5.9	5.14 5.56 5.14	-2.16 -0.959 -2.16	6.62 4.93 6.62	
5.91	5.14 5.58 5.14	-2.16 -0.961 -2.16	6.63 4.95 6.63	
5.92	5.15 5.59 5.15	-2.16 -0.962 -2.16	6.64 4.96 6.64	
5.93	5.16 5.61 5.16	-2.17 -0.964 -2.17	6.66 4.98 6.66	
5.94	5.16 5.63 5.16	-2.17 -0.966 -2.17	6.67 4.99 6.67	
5.95	5.17 5.65 5.17	-2.17 -0.967 -2.17	6.68 5.01 6.68	
5.96	5.17 5.66 5.17	-2.17 -0.969 -2.17	6.69 5.03 6.69	
5.97	5.18 5.68 5.18	-2.17 -0.971 -2.17	6.7 5.04 6.7	
5.98	5.19 5.7 5.19	-2.18 -0.972 -2.18	6.71 5.06 6.71	
5.99	5.19 5.71 5.19	-2.18 -0.974 -2.18	6.72 5.08 6.72	
6	5.2 5.73 5.2	-2.18 -0.975 -2.18	6.74 5.09 6.74	
6.01	5.21 5.75 5.21	-2.18 -0.977 -2.18	6.75 5.11 6.75	
6.02	5.21 5.77 5.21	-2.19 -0.979 -2.19	6.76 5.13 6.76	
6.03	5.22 5.78 5.22	-2.19 -0.98 -2.19	6.77 5.14 6.77	
6.04	5.22 5.8 5.22	-2.19 -0.982 -2.19	6.78 5.16 6.78	
6.05	5.23 5.82 5.23	-2.19 -0.984 -2.19	6.79 5.18 6.79	
6.06	5.24 5.84 5.24	-2.19 -0.985 -2.19	6.8 5.19 6.8	
6.07	5.24 5.85 5.24	-2.2 -0.987 -2.2	6.81 5.21 6.81	
6.08	5.25 5.87 5.25	-2.2 -0.989 -2.2	6.83 5.23 6.83	
6.09	5.25 5.89 5.25	-2.2 -0.99 -2.2	6.84 5.24 6.84	
6.1	5.26 5.9 5.26	-2.2 -0.992 -2.2	6.85 5.26 6.85	
6.11	5.27 5.92 5.27	-2.21 -0.993 -2.21	6.86 5.27 6.86	
6.12	5.27 5.94 5.27	-2.21 -0.995 -2.21	6.87 5.29 6.87	
6.13	5.28 5.96 5.28	-2.21 -0.997 -2.21	6.88 5.31 6.88	
6.14	5.28 5.97 5.28	-2.21 -0.998 -2.21	6.89 5.32 6.89	
6.15	5.29 5.99 5.29	-2.21 -1 -2.21	6.9 5.34 6.9	
6.16	5.3 6.01 5.3	-2.22 -1 -2.22	6.92 5.36 6.92	
6.17	5.3 6.03 5.3	-2.22 -1 -2.22	6.93 5.37 6.93	
6.18	5.31 6.04 5.31	-2.22 -1 -2.22	6.94 5.39 6.94	
6.19	5.31 6.06 5.31	-2.22 -1.01 -2.22	6.95 5.41 6.95	
6.2	5.32 6.08 5.32	-2.23 -1.01 -2.23	6.96 5.42 6.96	
6.21	5.33 6.1 5.33	-2.23 -1.01 -2.23	6.97 5.44 6.97	
6.22	5.33 6.11 5.33	-2.23 -1.01 -2.23	6.98 5.46 6.98	
6.23	5.34 6.13 5.34	-2.23 -1.01 -2.23	6.99 5.47 6.99	
6.24	5.34 6.15 5.34	-2.23 -1.01 -2.23	7 5.49 7	
6.25	5.35 6.16 5.35	-2.24 -1.02 -2.24	7.02 5.51 7.02	
6.26	5.36 6.18 5.36	-2.24 -1.02 -2.24	7.03 5.52 7.03	
6.27	5.36 6.2 5.36	-2.24 -1.02 -2.24	7.04 5.54 7.04	
6.28	5.37 6.22 5.37	-2.24 -1.02 -2.24	7.05 5.55 7.05	
6.29	5.37 6.23 5.37	-2.25 -1.02 -2.25	7.06 5.57 7.06	
6.3	5.38 6.25 5.38	-2.25 -1.02 -2.25	7.07 5.59 7.07	
6.31	5.39 6.27 5.39	-2.25 -1.03 -2.25	7.08 5.6 7.08	
6.32	5.39 6.29 5.39	-2.25 -1.03 -2.25	7.09 5.62 7.09	
6.33	5.4 6.3 5.4	-2.25 -1.03 -2.25	7.1 5.64 7.1	
6.34	5.4 6.32 5.4	-2.26 -1.03 -2.26	7.11 5.65 7.11	
6.35	5.41 6.34 5.41	-2.26 -1.03 -2.26	7.13 5.67 7.13	
6.36	5.42 6.36 5.42	-2.26 -1.03 -2.26	7.14 5.69 7.14	
6.37	5.42 6.37 5.42	-2.26 -1.04 -2.26	7.15 5.7 7.15	
6.38	5.43 6.39 5.43	-2.27 -1.04 -2.27	7.16 5.72 7.16	
6.39	5.43 6.41 5.43	-2.27 -1.04 -2.27	7.17 5.74 7.17	
6.4	5.44 6.43 5.44	-2.27 -1.04 -2.27	7.18 5.75 7.18	
6.41	5.44 6.44 5.44	-2.27 -1.04 -2.27	7.19 5.77 7.19	
6.42	5.45 6.46 5.45	-2.27 -1.04 -2.27	7.2 5.79 7.2	
6.43	5.46 6.48 5.46	-2.28 -1.05 -2.28	7.21 5.8 7.21	
6.44	5.46 6.5 5.46	-2.28 -1.05 -2.28	7.22 5.82 7.22	
6.45	5.47 6.51 5.47	-2.28 -1.05 -2.28	7.24 5.84 7.24	
6.46	5.47 6.53 5.47	-2.28 -1.05 -2.28	7.25 5.85 7.25	
6.47	5.48 6.55 5.48	-2.29 -1.05 -2.29	7.26 5.87 7.26	
6.48	5.49 6.56 5.49	-2.29 -1.05 -2.29	7.27 5.89 7.27	
6.49	5.49 6.58 5.49	-2.29 -1.06 -2.29	7.28 5.9 7.28	
6.5	5.5 6.6 5.5	-2.29 -1.06 -2.29	7.29 5.92 7.29	
6.51	5.5 6.62 5.5	-2.29 -1.06 -2.29	7.3 5.94 7.3	
6.52	5.51 6.63 5.51	-2.3 -1.06 -2.3	7.31 5.95 7.31	
6.53	5.51 6.65 5.51	-2.3 -1.06 -2.3	7.32 5.97 7.32	
6.54	5.52 6.67 5.52	-2.3 -1.06 -2.3	7.33 5.99 7.33	
6.55	5.53 6.69 5.53	-2.3 -1.07 -2.3	7.35 6 7.35	
6.56	5.53 6.7 5.53	-2.31 -1.07 -2.31	7.36 6.02 7.36	
6.57	5.54 6.72 5.54	-2.31 -1.07 -2.31	7.37 6.04 7.37	
6.58	5.54 6.74 5.54	-2.31 -1.07 -2.31	7.38 6.05 7.38	
6.59	5.55 6.76 5.55	-2.31 -1.07 -2.31	7.39 6.07 7.39	
6.6	5.55 6.77 5.55	-2.31 -1.07 -2.31	7.4 6.09 7.4	
6.61	5.56 6.79 5.56	-2.32 -1.08 -2.32	7.41 6.1 7.41	
6.62	5.57 6.81 5.57	-2.32 -1.08 -2.32	7.42 6.12 7.42	
6.63	5.57 6.83 5.57	-2.32 -1.08 -2.32	7.43 6.14 7.43	
6.64	5.58 6.84 5.58	-2.32 -1.08 -2.32	7.44 6.15 7.44	
6.65	5.58 6.86 5.58	-2.33 -1.08 -2.33	7.45 6.17 7.45	
6.66	5.59 6.88 5.59	-2.33 -1.08 -2.33	7.46 6.18 7.46	
6.67	5.59 6.9 5.59	-2.33 -1.09 -2.33	7.48 6.2 7.48	
6.68	5.6 6.91 5.6	-2.33 -1.09 -2.33	7.49 6.22 7.49	
6.69	5.61 6.93 5.61	-2.33 -1.09 -2.33	7.5 6.23 7.5	
6.7	5.61 6.95 5.61	-2.34 -1.09 -2.34	7.51 6.25 7.51	
6.71	5.62 6.97 5.62	-2.34 -1.09 -2.34	7.52 6.27 7.52	
6.72	5.62 6.98 5.62	-2.34 -1.09 -2.34	7.53 6.28 7.53	
6.73	5.63 7 5.63	-2.34 -1.09 -2.34	7.54 6.3 7.54	
6.74	5.63 7.02 5.63	-2.35 -1.1 -2.35	7.55 6.32 7.55	
6.75	5.64 7.04 5.64	-2.35 -1.1 -2.35	7.56 6.33 7.56	
6.76	5.65 7.05 5.65	-2.35 -1.1 -2.35	7.57 6.35 7.57	
6.77	5.65 7.07 5.65	-2.35 -1.1 -2.35	7.58 6.37 7.58	
6.78	5.66 7.09 5.66	-2.35 -1.1 -2.35	7.59 6.38 7.59	
6.79	5.66 7.11 5.66	-2.36 -1.1 -2.36	7.61 6.4 7.61	
6.8	5.67 7.12 5.67	-2.36 -1.11 -2.36	7.62 6.42 7.62	
6.81	5.67 7.14 5.67	-2.36 -1.11 -2.36	7.63 6.43 7.63	
6.82	5.68 7.16 5.68	-2.36 -1.11 -2.36	7.64 6.45 7.64	
6.83	5.68 7.18 5.68	-2.37 -1.11 -2.37	7.65 6.47 7.65	
6.84	5.69 7.19 5.69	-2.37 -1.11 -2.37	7.66 6.48 7.66	
6.85	5.7 7.21 5.7	-2.37 -1.11 -2.37	7.67 6.5 7.67	
6.86	5.7 7.23 5.7	-2.37 -1.12 -2.37	7.68 6.52 7.68	
6.87	5.71 7.25 5.71	-2.37 -1.12 -2.37	7.69 6.53 7.69	
6.88	5.71 7.26 5.71	-2.38 -1.12 -2.38	7.7 6.55 7.7	
6.89	5.72 7.28 5.72	-2.38 -1.12 -2.38	7.71 6.57 7.71	
6.9	5.72 7.3 5.72	-2.38 -1.12 -2.38	7.72 6.58 7.72	
6.91	5.73 7.32 5.73	-2.38 -1.12 -2.38	7.73 6.6 7.73	
6.92	5.73 7.33 5.73	-2.39 -1.13 -2.39	7.74 6.62 7.74	
6.93	5.74 7.35 5.74	-2.39 -1.13 -2.39	7.76 6.63 7.76	
6.94	5.75 7.37 5.75	-2.39 -1.13 -2.39	7.77 6.65 7.77	
6.95	5.75 7.39 5.75	-2.39 -1.13 -2.39	7.78 6.67 7.78	
6.96	5.76 7.4 5.76	-2.39 -1.13 -2.39	7.79 6.68 7.79	
6.97	5.76 7.42 5.76	-2.4 -1.13 -2.4	7.8 6.7 7.8	
6.98	5.77 7.44 5.77	-2.4 -1.14 -2.4	7.81 6.72 7.81	
6.99	5.77 7.46 5.77	-2.4 -1.14 -2.4	7.82 6.73 7.82	
7	5.78 7.47 5.78	-2.4 -1.14 -2.4	7.83 6.75 7.83	
7.01	5.78 7.49 5.78	-2.41 -1.14 -2.41	7.84 6.77 7.84	
7.02	5.79 7.51 5.79	-2.41 -1.14 -2.41	7.85 6.78 7.85	
7.03	5.8 7.53 5.8	-2.41 -1.14 -2.41	7.86 6.8 7.86	
7.04	5.8 7.54 5.8	-2.41 -1.15 -2.41	7.87 6.82 7.87	
7.05	5.81 7.56 5.81	-2.41 -1.15 -2.41	7.88 6.83 7.88	
7.06	5.81 7.58 5.81	-2.42 -1.15 -2.42	7.89 6.85 7.89	
7.07	5.82 7.6 5.82	-2.42 -1.15 -2.42	7.9 6.87 7.9	
7.08	5.82 7.61 5.82	-2.42 -1.15 -2.42	7.92 6.89 7.92	
7.09	5.83 7.63 5.83	-2.42 -1.15 -2.42	7.93 6.9 7.93	
7.1	5.83 7.65 5.83	-2.43 -1.16 -2.43	7.94 6.92 7.94	
7.11	5.84 7.67 5.84	-2.43 -1.16 -2.43	7.95 6.94 7.95	
7.12	5.84 7.68 5.84	-2.43 -1.16 -2.43	7.96 6.95 7.96	
7.13	5.85 7.7 5.85	-2.43 -1.16 -2.43	7.97 6.97 7.97	
7.14	5.85 7.72 5.85	-2.43 -1.16 -2.43	7.98 6.99 7.98	
7.15	5.86 7.74 5.86	-2.44 -1.16 -2.44	7.99 7 7.99	
7.16	5.87 7.75 5.87	-2.44 -1.17 -2.44	8 7.02 8	
7.17	5.87 7.77 5.87	-2.44 -1.17 -2.44	8.01 7.04 8.01	
7.18	5.88 7.79 5.88	-2.44 -1.17 -2.44	8.02 7.05 8.02	
7.19	5.88 7.81 5.88	-2.45 -1.17 -2.45	8.03 7.07 8.03	
7.2	5.89 7.82 5.89	-2.45 -1.17 -2.45	8.04 7.09 8.04	
7.21	5.89 7.84 5.89	-2.45 -1.17 -2.45	8.05 7.1 8.05	
7.22	5.9 7.86 5.9	-2.45 -1.18 -2.45	8.06 7.12 8.06	
7.23	5.9 7.88 5.9	-2.45 -1.18 -2.45	8.07 7.14 8.07	
7.24	5.91 7.9 5.91	-2.46 -1.18 -2.46	8.08 7.15 8.08	
7.25	5.91 7.91 5.91	-2.46 -1.18 -2.46	8.09 7.17 8.09	
7.26	5.92 7.93 5.92	-2.46 -1.18 -2.46	8.11 7.19 8.11	
7.27	5.92 7.95 5.92	-2.46 -1.18 -2.46	8.12 7.2 8.12	
7.28	5.93 7.97 5.93	-2.47 -1.18 -2.47	8.13 7.22 8.13	
7.29	5.94 7.98 5.94	-2.47 -1.19 -2.47	8.14 7.24 8.14	
7.3	5.94 8 5.94	-2.47 -1.19 -2.47	8.15 7.25 8.15	
7.31	5.95 8.02 5.95	-2.47 -1.19 -2.47	8.16 7.27 8.16	
7.32	5.95 8.04 5.95	-2.47 -1.19 -2.47	8.17 7.29 8.17	
7.33	5.96 8.05 5.96	-2.48 -1.19 -2.48	8.18 7.3 8.18	
7.34	5.96 8.07 5.96	-2.48 -1.19 -2.48	8.19 7.32 8.19	
7.35	5.97 8.09 5.97	-2.48 -1.2 -2.48	8.2 7.34 8.2	
7.36	5.97 8.11 5.97	-2.48 -1.2 -2.48	8.21 7.35 8.21	
7.37	5.98 8.12 5.98	-2.49 -1.2 -2.49	8.22 7.37 8.22	
7.38	5.98 8.14 5.98	-2.49 -1.2 -2.49	8.23 7.39 8.23	
7.39	5.99 8.16 5.99	-2.49 -1.2 -2.49	8.24 7.4 8.24	
7.4	5.99 8.18 5.99	-2.49 -1.2 -2.49	8.25 7.42 8.25	
7.41	6 8.19 6	-2.49 -1.21 -2.49	8.26 7.44 8.26	
7.42	6 8.21 6	-2.5 -1.21 -2.5	8.27 7.45 8.27	
7.43	6.01 8.23 6.01	-2.5 -1.21 -2.5	8.28 7.47 8.28	
7.44	6.02 8.25 6.02	-2.5 -1.21 -2.5	8.29 7.49 8.29	
7.45	6.02 8.26 6.02	-2.5 -1.21 -2.5	8.3 7.5 8.3	
7.46	6.03 8.28 6.03	-2.51 -1.21 -2.51	8.31 7.52 8.31	
7.47	6.03 8.3 6.03	-2.51 -1.22 -2.51	8.33 7.54 8.33	
7.48	6.04 8.32 6.04	-2.51 -1.22 -2.51	8.34 7.55 8.34	
7.49	6.04 8.33 6.04	-2.51 -1.22 -2.51	8.35 7.57 8.35	
7.5	6.05 8.35 6.05	-2.52 -1.22 -2.52	8.36 7.59 8.36	
7.51	6.05 8.37 6.05	-2.52 -1.22 -2.52	8.37 7.61 8.37	
7.52	6.06 8.39 6.06	-2.52 -1.22 -2.52	8.38 7.62 8.38	
7.53	6.06 8.41 6.06	-2.52 -1.23 -2.52	8.39 7.64 8.39	
7.54	6.07 8.42 6.07	-2.52 -1.23 -2.52	8.4 7.66 8.4	
7.55	6.07 8.44 6.07	-2.53 -1.23 -2.53	8.41 7.67 8.41	
7.56	6.08 8.46 6.08	-2.53 -1.23 -2.53	8.42 7.69 8.42	
7.57	6.08 8.48 6.08	-2.53 -1.23 -2.53	8.43 7.71 8.43	
7.58	6.09 8.49 6.09	-2.53 -1.23 -2.53	8.44 7.72 8.44	
7.59	6.09 8.51 6.09	-2.54 -1.24 -2.54	8.45 7.74 8.45	
7.6	6.1 8.53 6.1	-2.54 -1.24 -2.54	8.46 7.76 8.46	
7.61	6.1 8.55 6.1	-2.54 -1.24 -2.54	8.47 7.77 8.47	
7.62	6.11 8.56 6.11	-2.54 -1.24 -2.54	8.48 7.79 8.48	
7.63	6.11 8.58 6.11	-2.54 -1.24 -2.54	8.49 7.81 8.49	
7.64	6.12 8.6 6.12	-2.55 -1.24 -2.55	8.5 7.82 8.5	
7.65	6.13 8.62 6.13	-2.55 -1.25 -2.55	8.51 7.84 8.51	
7.66	6.13 8.63 6.13	-2.55 -1.25 -2.55	8.52 7.86 8.52	
7.67	6.14 8.65 6.14	-2.55 -1.25 -2.55	8.53 7.87 8.53	
7.68	6.14 8.67 6.14	-2.56 -1.25 -2.56	8.54 7.89 8.54	
7.69	6.15 8.69 6.15	-2.56 -1.25 -2.56	8.55 7.91 8.55	
7.7	6.15 8.7 6.15	-2.56 -1.25 -2.56	8.56 7.92 8.56	
7.71	6.16 8.72 6.16	-2.56 -1.26 -2.56	8.57 7.94 8.57	
7.72	6.16 8.74 6.16	-2.56 -1.26 -2.56	8.58 7.96 8.58	
7.73	6.17 8.76 6.17	-2.57 -1.26 -2.57	8.6 7.97 8.6	
7.74	6.17 8.78 6.17	-2.57 -1.26 -2.57	8.61 7.99 8.61	
7.75	6.18 8.79 6.18	-2.57 -1.26 -2.57	8.62 8.01 8.62	
7.76	6.18 8.81 6.18	-2.57 -1.26 -2.57	8.63 8.03 8.63	
7.77	6.19 8.83 6.19	-2.58 -1.26 -2.58	8.64 8.04 8.64	
7.78	6.19 8.85 6.19	-2.58 -1.27 -2.58	8.65 8.06 8.65	
7.79	6.2 8.86 6.2	-2.58 -1.27 -2.58	8.66 8.08 8.66	
7.8	6.2 8.88 6.2	-2.58 -1.27 -2.58	8.67 8.09 8.67	
7.81	6.21 8.9 6.21	-2.58 -1.27 -2.58	8.68 8.11 8.68	
7.82	6.21 8.92 6.21	-2.59 -1.27 -2.59	8.69 8.13 8.69	
7.83	6.22 8.93 6.22	-2.59 -1.27 -2.59	8.7 8.14 8.7	
7.84	6.22 8.95 6.22	-2.59 -1.28 -2.59	8.71 8.16 8.71	
7.85	6.23 8.97 6.23	-2.59 -1.28 -2.59	8.72 8.18 8.72	
7.86	6.23 8.99 6.23	-2.6 -1.28 -2.6	8.73 8.19 8.73	
7.87	6.24 9 6.24	-2.6 -1.28 -2.6	8.74 8.21 8.74	
7.88	6.24 9.02 6.24	-2.6 -1.28 -2.6	8.75 8.23 8.75	
7.89	6.25 9.04 6.25	-2.6 -1.28 -2.6	8.76 8.24 8.76	
7.9	6.25 9.06 6.25	-2.6 -1.29 -2.6	8.77 8.26 8.77	
7.91	6.26 9.08 6.26	-2.61 -1.29 -2.61	8.78 8.28 8.78	
7.92	6.26 9.09 6.26	-2.61 -1.29 -2.61	8.79 8.29 8.79	
7.93	6.27 9.11 6.27	-2.61 -1.29 -2.61	8.8 8.31 8.8	
7.94	6.27 9.13 6.27	-2.61 -1.29 -2.61	8.81 8.33 8.81	
7.95	6.28 9.15 6.28	-2.62 -1.29 -2.62	8.82 8.34 8.82	
7.96	6.28 9.16 6.28	-2.62 -1.3 -2.62	8.83 8.36 8.83	
7.97	6.29 9.18 6.29	-2.62 -1.3 -2.62	8.84 8.38 8.84	
7.98	6.29 9.2 6.29	-2.62 -1.3 -2.62	8.85 8.4 8.85	
7.99	6.3 9.22 6.3	-2.62 -1.3 -2.62	8.86 8.41 8.86	
8	6.3 9.23 6.3	-2.63 -1.3 -2.63	8.87 8.43 8.87	
8.01	6.31 9.25 6.31	-2.63 -1.3 -2.63	8.88 8.45 8.88	
8.02	6.31 9.27 6.31	-2.63 -1.31 -2.63	8.89 8.46 8.89	
8.03	6.32 9.29 6.32	-2.63 -1.31 -2.63	8.9 8.48 8.9	
8.04	6.32 9.3 6.32	-2.64 -1.31 -2.64	8.91 8.5 8.91	
8.05	6.33 9.32 6.33	-2.64 -1.31 -2.64	8.92 8.51 8.92	
8.06	6.33 9.34 6.33	-2.64 -1.31 -2.64	8.93 8.53 8.93	
8.07	6.34 9.36 6.34	-2.64 -1.31 -2.64	8.94 8.55 8.94	
8.08	6.34 9.38 6.34	-2.64 -1.32 -2.64	8.95 8.56 8.95	
8.09	6.35 9.39 6.35	-2.65 -1.32 -2.65	8.96 8.58 8.96	
8.1	6.35 9.41 6.35	-2.65 -1.32 -2.65	8.97 8.6 8.97	
8.11	6.36 9.43 6.36	-2.65 -1.32 -2.65	8.99 8.61 8.99	
8.12	6.36 9.45 6.36	-2.65 -1.32 -2.65	9 8.63 9	
8.13	6.37 9.46 6.37	-2.66 -1.32 -2.66	9.01 8.65 9.01	
8.14	6.37 9.48 6.37	-2.66 -1.33 -2.66	9.02 8.66 9.02	
8.15	6.38 9.5 6.38	-2.66 -1.33 -2.66	9.03 8.68 9.03	
8.16	6.38 9.52 6.38	-2.66 -1.33 -2.66	9.04 8.7 9.04	
8.17	6.39 9.53 6.39	-2.66 -1.33 -2.66	9.05 8.72 9.05	
8.18	6.39 9.55 6.39	-2.67 -1.33 -2.67	9.06 8.73 9.06	
8.19	6.4 9.57 6.4	-2.67 -1.33 -2.67	9.07 8.75 9.07	
8.2	6.4 9.59 6.4	-2.67 -1.34 -2.67	9.08 8.77 9.08	
8.21	6.41 9.61 6.41	-2.67 -1.34 -2.67	9.09 8.78 9.09	
8.22	6.41 9.62 6.41	-2.68 -1.34 -2.68	9.1 8.8 9.1	
8.23	6.42 9.64 6.42	-2.68 -1.34 -2.68	9.11 8.82 9.11	
8.24	6.42 9.66 6.42	-2.68 -1.34 -2.68	9.12 8.83 9.12	
8.25	6.43 9.68 6.43	-2.68 -1.34 -2.68	9.13 8.85 9.13	
8.26	6.43 9.69 6.43	-2.68 -1.34 -2.68	9.14 8.87 9.14	
8.27	6.44 9.71 6.44	-2.69 -1.35 -2.69	9.15 8.88 9.15	
8.28	6.44 9.73 6.44	-2.69 -1.35 -2.69	9.16 8.9 9.16	
8.29	6.45 9.75 6.45	-2.69 -1.35 -2.69	9.17 8.92 9.17	
8.3	6.45 9.76 6.45	-2.69 -1.35 -2.69	9.18 8.93 9.18	
8.31	6.46 9.78 6.46	-2.7 -1.35 -2.7	9.19 8.95 9.19	
8.32	6.46 9.8 6.46	-2.7 -1.35 -2.7	9.2 8.97 9.2	
8.33	6.47 9.82 6.47	-2.7 -1.36 -2.7	9.21 8.99 9.21	
8.34	6.47 9.84 6.47	-2.7 -1.36 -2.7	9.22 9 9.22	
8.35	6.48 9.85 6.48	-2.7 -1.36 -2.7	9.23 9.02 9.23	
8.36	6.48 9.87 6.48	-2.71 -1.36 -2.71	9.24 9.04 9.24	
8.37	6.49 9.89 6.49	-2.71 -1.36 -2.71	9.25 9.05 9.25	
8.38	6.49 9.91 6.49	-2.71 -1.36 -2.71	9.26 9.07 9.26	
8.39	6.5 9.92 6.5	-2.71 -1.37 -2.71	9.27 9.09 9.27	
8.4	6.5 9.94 6.5	-2.72 -1.37 -2.72	9.28 9.1 9.28	
8.41	6.51 9.96 6.51	-2.72 -1.37 -2.72	9.29 9.12 9.29	
8.42	6.51 9.98 6.51	-2.72 -1.37 -2.72	9.3 9.14 9.3	
8.43	6.52 9.99 6.52	-2.72 -1.37 -2.72	9.31 9.15 9.31	
8.44	6.52 10 6.52	-2.72 -1.37 -2.72	9.32 9.17 9.32	
8.45	6.53 10 6.53	-2.73 -1.38 -2.73	9.33 9.19 9.33	
8.46	6.53 10 6.53	-2.73 -1.38 -2.73	9.34 9.2 9.34	
8.47	6.54 10.1 6.54	-2.73 -1.38 -2.73	9.35 9.22 9.35	
8.48	6.54 10.1 6.54	-2.73 -1.38 -2.73	9.36 9.24 9.36	
8.49	6.55 10.1 6.55	-2.74 -1.38 -2.74	9.37 9.26 9.37	
8.5	6.55 10.1 6.55	-2.74 -1.38 -2.74	9.38 9.27 9.38	
8.51	6.56 10.1 6.56	-2.74 -1.39 -2.74	9.39 9.29 9.39	
8.52	6.56 10.2 6.56	-2.74 -1.39 -2.74	9.4 9.31 9.4	
8.53	6.57 10.2 6.57	-2.74 -1.39 -2.74	9.41 9.32 9.41	
8.54	6.57 10.2 6.57	-2.75 -1.39 -2.75	9.42 9.34 9.42	
8.55	6.58 10.2 6.58	-2.75 -1.39 -2.75	9.43 9.36 9.43	
8.56	6.58 10.2 6.58	-2.75 -1.39 -2.75	9.44 9.37 9.44	
8.57	6.59 10.2 6.59	-2.75 -1.4 -2.75	9.45 9.39 9.45	
8.58	6.59 10.3 6.59	-2.76 -1.4 -2.76	9.46 9.41 9.46	
8.59	6.6 10.3 6.6	-2.76 -1.4 -2.76	9.47 9.42 9.47	
8.6	6.6 10.3 6.6	-2.76 -1.4 -2.76	9.48 9.44 9.48	
8.61	6.61 10.3 6.61	-2.76 -1.4 -2.76	9.49 9.46 9.49	
8.62	6.61 10.3 6.61	-2.76 -1.4 -2.76	9.5 9.48 9.5	
8.63	6.62 10.3 6.62	-2.77 -1.41 -2.77	9.51 9.49 9.51	
8.64	6.62 10.4 6.62	-2.77 -1.41 -2.77	9.52 9.51 9.52	
8.65	6.63 10.4 6.63	-2.77 -1.41 -2.77	9.53 9.53 9.53	
8.66	6.63 10.4 6.63	-2.77 -1.41 -2.77	9.54 9.54 9.54	
8.67	6.64 10.4 6.64	-2.78 -1.41 -2.78	9.55 9.56 9.55	
8.68	6.64 10.4 6.64	-2.78 -1.41 -2.78	9.56 9.58 9.56	
8.69	6.65 10.5 6.65	-2.78 -1.42 -2.78	9.57 9.59 9.57	
8.7	6.65 10.5 6.65	-2.78 -1.42 -2.78	9.58 9.61 9.58	
8.71	6.66 10.5 6.66	-2.78 -1.42 -2.78	9.59 9.63 9.59	
8.72	6.66 10.5 6.66	-2.79 -1.42 -2.79	9.6 9.64 9.6	
8.73	6.66 10.5 6.66	-2.79 -1.42 -2.79	9.61 9.66 9.61	
8.74	6.67 10.5 6.67	-2.79 -1.42 -2.79	9.62 9.68 9.62	
8.75	6.67 10.6 6.67	-2.79 -1.43 -2.79	9.63 9.7 9.63	
8.76	6.68 10.6 6.68	-2.8 -1.43 -2.8	9.64 9.71 9.64	
8.77	6.68 10.6 6.68	-2.8 -1.43 -2.8	9.65 9.73 9.65	
8.78	6.69 10.6 6.69	-2.8 -1.43 -2.8	9.66 9.75 9.66	
8.79	6.69 10.6 6.69	-2.8 -1.43 -2.8	9.67 9.76 9.67	
8.8	6.7 10.7 6.7	-2.8 -1.43 -2.8	9.68 9.78 9.68	
8.81	6.7 10.7 6.7	-2.81 -1.43 -2.81	9.69 9.8 9.69	
8.82	6.71 10.7 6.71	-2.81 -1.44 -2.81	9.7 9.81 9.7	
8.83	6.71 10.7 6.71	-2.81 -1.44 -2.81	9.71 9.83 9.71	
8.84	6.72 10.7 6.72	-2.81 -1.44 -2.81	9.72 9.85 9.72	
8.85	6.72 10.7 6.72	-2.82 -1.44 -2.82	9.73 9.86 9.73	
8.86	6.73 10.8 6.73	-2.82 -1.44 -2.82	9.74 9.88 9.74	
8.87	6.73 10.8 6.73	-2.82 -1.44 -2.82	9.75 9.9 9.75	
8.88	6.74 10.8 6.74	-2.82 -1.45 -2.82	9.76 9.92 9.76	
8.89	6.74 10.8 6.74	-2.82 -1.45 -2.82	9.77 9.93 9.77	
8.9	6.75 10.8 6.75	-2.83 -1.45 -2.83	9.78 9.95 9.78	
8.91	6.75 10.8 6.75	-2.83 -1.45 -2.83	9.79 9.97 9.79	
8.92	6.76 10.9 6.76	-2.83 -1.45 -2.83	9.8 9.98 9.8	
8.93	6.76 10.9 6.76	-2.83 -1.45 -2.83	9.81 10 9.81	
8.94	6.77 10.9 6.77	-2.84 -1.46 -2.84	9.82 10 9.82	
8.95	6.77 10.9 6.77	-2.84 -1.46 -2.84	9.83 10 9.83	
8.96	6.78 10.9 6.78	-2.84 -1.46 -2.84	9.84 10.1 9.84	
8.97	6.78 11 6.78	-2.84 -1.46 -2.84	9.85 10.1 9.85	
8.98	6.78 11 6.78	-2.84 -1.46 -2.84	9.86 10.1 9.86	
8.99	6.79 11 6.79	-2.85 -1.46 -2.85	9.87 10.1 9.87	
9	6.79 11 6.79	-2.85 -1.47 -2.85	9.88 10.1 9.88	
9.01	6.8 11 6.8	-2.85 -1.47 -2.85	9.89 10.1 9.89	
9.02	6.8 11 6.8	-2.85 -1.47 -2.85	9.9 10.2 9.9	
9.03	6.81 11.1 6.81	-2.86 -1.47 -2.86	9.91 10.2 9.91	
9.04	6.81 11.1 6.81	-2.86 -1.47 -2.86	9.92 10.2 9.92	
9.05	6.82 11.1 6.82	-2.86 -1.47 -2.86	9.93 10.2 9.93	
9.06	6.82 11.1 6.82	-2.86 -1.48 -2.86	9.94 10.2 9.94	
9.07	6.83 11.1 6.83	-2.86 -1.48 -2.86	9.95 10.2 9.95	
9.08	6.83 11.1 6.83	-2.87 -1.48 -2.87	9.96 10.3 9.96	
9.09	6.84 11.2 6.84	-2.87 -1.48 -2.87	9.97 10.3 9.97	
9.1	6.84 11.2 6.84	-2.87 -1.48 -2.87	9.98 10.3 9.98	
9.11	6.85 11.2 6.85	-2.87 -1.48 -2.87	9.99 10.3 9.99	
9.12	6.85 11.2 6.85	-2.88 -1.49 -2.88	10 10.3 10	
9.13	6.86 11.2 6.86	-2.88 -1.49 -2.88	10 10.3 10	
9.14	6.86 11.3 6.86	-2.88 -1.49 -2.88	10 10.4 10	
9.15	6.87 11.3 6.87	-2.88 -1.49 -2.88	10 10.4 10	
9.16	6.87 11.3 6.87	-2.88 -1.49 -2.88	10 10.4 10	
9.17	6.87 11.3 6.87	-2.89 -1.49 -2.89	10 10.4 10	
9.18	6.88 11.3 6.88	-2.89 -1.5 -2.89	10.1 10.4 10.1	
9.19	6.88 11.3 6.88	-2.89 -1.5 -2.89	10.1 10.4 10.1	
9.2	6.89 11.4 6.89	-2.89 -1.5 -2.89	10.1 10.5 10.1	
9.21	6.89 11.4 6.89	-2.9 -1.5 -2.9	10.1 10.5 10.1	
9.22	6.9 11.4 6.9	-2.9 -1.5 -2.9	10.1 10.5 10.1	
9.23	6.9 11.4 6.9	-2.9 -1.5 -2.9	10.1 10.5 10.1	
9.24	6.91 11.4 6.91	-2.9 -1.51 -2.9	10.1 10.5 10.1	
9.25	6.91 11.4 6.91	-2.9 -1.51 -2.9	10.1 10.5 10.1	
9.26	6.92 11.5 6.92	-2.91 -1.51 -2.91	10.1 10.6 10.1	
9.27	6.92 11.5 6.92	-2.91 -1.51 -2.91	10.1 10.6 10.1	
9.28	6.93 11.5 6.93	-2.91 -1.51 -2.91	10.2 10.6 10.2	
9.29	6.93 11.5 6.93	-2.91 -1.51 -2.91	10.2 10.6 10.2	
9.3	6.94 11.5 6.94	-2.92 -1.51 -2.92	10.2 10.6 10.2	
9.31	6.94 11.6 6.94	-2.92 -1.52 -2.92	10.2 10.6 10.2	
9.32	6.95 11.6 6.95	-2.92 -1.52 -2.92	10.2 10.7 10.2	
9.33	6.95 11.6 6.95	-2.92 -1.52 -2.92	10.2 10.7 10.2	
9.34	6.95 11.6 6.95	-2.92 -1.52 -2.92	10.2 10.7 10.2	
9.35	6.96 11.6 6.96	-2.93 -1.52 -2.93	10.2 10.7 10.2	
9.36	6.96 11.6 6.96	-2.93 -1.52 -2.93	10.2 10.7 10.2	
9.37	6.97 11.7 6.97	-2.93 -1.53 -2.93	10.2 10.7 10.2	
9.38	6.97 11.7 6.97	-2.93 -1.53 -2.93	10.3 10.8 10.3	
9.39	6.98 11.7 6.98	-2.94 -1.53 -2.94	10.3 10.8 10.3	
9.4	6.98 11.7 6.98	-2.94 -1.53 -2.94	10.3 10.8 10.3	
9.41	6.99 11.7 6.99	-2.94 -1.53 -2.94	10.3 10.8 10.3	
9.42	6.99 11.8 6.99	-2.94 -1.53 -2.94	10.3 10.8 10.3	
9.43	7 11.8 7	-2.94 -1.54 -2.94	10.3 10.8 10.3	
9.44	7 11.8 7	-2.95 -1.54 -2.95	10.3 10.9 10.3	
9.45	7.01 11.8 7.01	-2.95 -1.54 -2.95	10.3 10.9 10.3	
9.46	7.01 11.8 7.01	-2.95 -1.54 -2.95	10.3 10.9 10.3	
9.47	7.02 11.8 7.02	-2.95 -1.54 -2.95	10.3 10.9 10.3	
9.48	7.02 11.9 7.02	-2.96 -1.54 -2.96	10.4 10.9 10.4	
9.49	7.02 11.9 7.02	-2.96 -1.55 -2.96	10.4 10.9 10.4	
9.5	7.03 11.9 7.03	-2.96 -1.55 -2.96	10.4 11 10.4	
9.51	7.03 11.9 7.03	-2.96 -1.55 -2.96	10.4 11 10.4	
9.52	7.04 11.9 7.04	-2.97 -1.55 -2.97	10.4 11 10.4	
9.53	7.04 11.9 7.04	-2.97 -1.55 -2.97	10.4 11 10.4	
9.54	7.05 12 7.05	-2.97 -1.55 -2.97	10.4 11 10.4	
9.55	7.05 12 7.05	-2.97 -1.56 -2.97	10.4 11.1 10.4	
9.56	7.06 12 7.06	-2.97 -1.56 -2.97	10.4 11.1 10.4	
9.57	7.06 12 7.06	-2.98 -1.56 -2.98	10.4 11.1 10.4	
9.58	7.07 12 7.07	-2.98 -1.56 -2.98	10.5 11.1 10.5	
9.59	7.07 12.1 7.07	-2.98 -1.56 -2.98	10.5 11.1 10.5	
9.6	7.08 12.1 7.08	-2.98 -1.56 -2.98	10.5 11.1 10.5	
9.61	7.08 12.1 7.08	-2.99 -1.57 -2.99	10.5 11.2 10.5	
9.62	7.08 12.1 7.08	-2.99 -1.57 -2.99	10.5 11.2 10.5	
9.63	7.09 12.1 7.09	-2.99 -1.57 -2.99	10.5 11.2 10.5	
9.64	7.09 12.1 7.09	-2.99 -1.57 -2.99	10.5 11.2 10.5	
9.65	7.1 12.2 7.1	-2.99 -1.57 -2.99	10.5 11.2 10.5	
9.66	7.1 12.2 7.1	-3 -1.57 -3	10.5 11.2 10.5	
9.67	7.11 12.2 7.11	-3 -1.58 -3	10.5 11.3 10.5	
9.68	7.11 12.2 7.11	-3 -1.58 -3	10.6 11.3 10.6	
9.69	7.12 12.2 7.12	-3 -1.58 -3	10.6 11.3 10.6	
9.7	7.12 12.2 7.12	-3.01 -1.58 -3.01	10.6 11.3 10.6	
9.71	7.13 12.3 7.13	-3.01 -1.58 -3.01	10.6 11.3 10.6	
9.72	7.13 12.3 7.13	-3.01 -1.58 -3.01	10.6 11.3 10.6	
9.73	7.14 12.3 7.14	-3.01 -1.59 -3.01	10.6 11.4 10.6	
9.74	7.14 12.3 7.14	-3.01 -1.59 -3.01	10.6 11.4 10.6	
9.75	7.14 12.3 7.14	-3.02 -1.59 -3.02	10.6 11.4 10.6	
9.76	7.15 12.4 7.15	-3.02 -1.59 -3.02	10.6 11.4 10.6	
9.77	7.15 12.4 7.15	-3.02 -1.59 -3.02	10.6 11.4 10.6	
9.78	7.16 12.4 7.16	-3.02 -1.59 -3.02	10.6 11.4 10.6	
9.79	7.16 12.4 7.16	-3.03 -1.59 -3.03	10.7 11.5 10.7	
9.8	7.17 12.4 7.17	-3.03 -1.6 -3.03	10.7 11.5 10.7	
9.81	7.17 12.4 7.17	-3.03 -1.6 -3.03	10.7 11.5 10.7	
9.82	7.18 12.5 7.18	-3.03 -1.6 -3.03	10.7 11.5 10.7	
9.83	7.18 12.5 7.18	-3.03 -1.6 -3.03	10.7 11.5 10.7	
9.84	7.19 12.5 7.19	-3.04 -1.6 -3.04	10.7 11.5 10.7	
9.85	7.19 12.5 7.19	-3.04 -1.6 -3.04	10.7 11.6 10.7	
9.86	7.19 12.5 7.19	-3.04 -1.61 -3.04	10.7 11.6 10.7	
9.87	7.2 12.6 7.2	-3.04 -1.61 -3.04	10.7 11.6 10.7	
9.88	7.2 12.6 7.2	-3.05 -1.61 -3.05	10.7 11.6 10.7	
9.89	7.21 12.6 7.21	-3.05 -1.61 -3.05	10.8 11.6 10.8	
9.9	7.21 12.6 7.21	-3.05 -1.61 -3.05	10.8 11.6 10.8	
9.91	7.22 12.6 7.22	-3.05 -1.61 -3.05	10.8 11.7 10.8	
9.92	7.22 12.6 7.22	-3.05 -1.62 -3.05	10.8 11.7 10.8	
9.93	7.23 12.7 7.23	-3.06 -1.62 -3.06	10.8 11.7 10.8	
9.94	7.23 12.7 7.23	-3.06 -1.62 -3.06	10.8 11.7 10.8	
9.95	7.24 12.7 7.24	-3.06 -1.62 -3.06	10.8 11.7 10.8	
9.96	7.24 12.7 7.24	-3.06 -1.62 -3.06	10.8 11.7 10.8	
9.97	7.24 12.7 7.24	-3.07 -1.62 -3.07	10.8 11.8 10.8	
9.98	7.25 12.7 7.25	-3.07 -1.63 -3.07	10.8 11.8 10.8	
9.99	7.25 12.8 7.25	-3.07 -1.63 -3.07	10.9 11.8 10.9	
